
--- dgtw/dx: Hashin sensitivity w.r.t. density ---
Element AnalyticValue Numericvalue Abs.Err Rel.Err
1        ft   -6.535465e-05  -6.535462e-05  2.777475e-11   4.25e-07  
1        fc   9.644481e-06   9.644507e-06   2.651080e-11   2.75e-06  
1        mt   -2.493240e-03  -2.493239e-03  8.691844e-10   3.49e-07  
1        mc   1.831074e-05   1.831071e-05   2.982948e-11   1.63e-06  
17       ft   -8.183448e-05  -8.183454e-05  6.500737e-11   7.94e-07  
17       fc   -2.571380e-04  -2.571380e-04  1.738740e-11   6.76e-08  
17       mt   1.683767e-02   1.683767e-02   7.731264e-10   4.59e-08  
17       mc   -4.018812e-04  -4.018812e-04  4.451481e-11   1.11e-07  
33       ft   -2.977853e-04  -2.977853e-04  2.166130e-11   7.27e-08  
33       fc   -1.256806e-05  -1.256808e-05  2.396723e-11   1.91e-06  
33       mt   1.589841e-02   1.589841e-02   4.459119e-10   2.80e-08  
33       mc   -1.139816e-04  -1.139816e-04  8.593027e-12   7.54e-08  
49       ft   -3.966278e-09  -3.921308e-09  4.497074e-11   1.13e-02  
49       fc   2.353575e-09   2.419176e-09   6.560077e-11   2.79e-02  
49       mt   -1.215818e-07  -1.206962e-07  8.855968e-10   7.28e-03  
49       mc   4.462972e-09   4.443113e-09   1.985991e-11   4.45e-03  
66       ft   -1.803597e-04  -1.803596e-04  3.638668e-11   2.02e-07  
66       fc   -8.949366e-05  -8.949368e-05  2.967838e-11   3.32e-07  
66       mt   1.301348e-03   1.301349e-03   4.700775e-10   3.61e-07  
66       mc   -1.482029e-04  -1.482029e-04  2.938701e-13   1.98e-09  
82       ft   -4.148712e-04  -4.148712e-04  1.235177e-11   2.98e-08  
82       fc   -1.521853e-04  -1.521853e-04  3.581620e-11   2.35e-07  
82       mt   3.979962e-02   3.979962e-02   1.795242e-10   4.51e-09  
82       mc   -3.345835e-04  -3.345835e-04  2.809497e-11   8.40e-08  
98       ft   -3.224273e-08  -3.217704e-08  6.568627e-11   2.04e-03  
98       fc   4.198351e-08   4.192202e-08   6.148397e-11   1.46e-03  
98       mt   -1.063173e-06  -1.062413e-06  7.591001e-10   7.14e-04  
98       mc   4.326253e-08   4.322487e-08   3.766082e-11   8.71e-04  
114      ft   -2.053419e-04  -2.053419e-04  9.962014e-12   4.85e-08  
114      fc   1.470412e-04   1.470413e-04   3.882204e-11   2.64e-07  
114      mt   -1.202688e-02  -1.202688e-02  2.876680e-10   2.39e-08  
114      mc   2.185374e-04   2.185374e-04   6.865452e-12   3.14e-08  
130      ft   -3.481011e-07  -3.480938e-07  7.349858e-12   2.11e-05  
130      fc   -3.756261e-04  -3.756261e-04  8.408947e-12   2.24e-08  
130      mt   6.147745e-02   6.147745e-02   3.843804e-10   6.25e-09  
130      mc   -5.374901e-04  -5.374901e-04  2.645857e-11   4.92e-08  
146      ft   -2.321350e-06  -2.321431e-06  8.152900e-11   3.51e-05  
146      fc   4.110629e-06   4.110668e-06   3.892185e-11   9.47e-06  
146      mt   -9.474323e-05  -9.474402e-05  7.917789e-10   8.36e-06  
146      mc   3.774826e-06   3.774878e-06   5.242160e-11   1.39e-05  
163      ft   -1.836624e-04  -1.836624e-04  5.630120e-11   3.07e-07  
163      fc   1.444919e-04   1.444919e-04   4.513502e-11   3.12e-07  
163      mt   -9.699116e-03  -9.699116e-03  3.729053e-10   3.84e-08  
163      mc   2.166574e-04   2.166574e-04   2.561387e-11   1.18e-07  
179      ft   2.354551e-04   2.354551e-04   7.129340e-12   3.03e-08  
179      fc   -3.049607e-04  -3.049606e-04  8.220212e-11   2.70e-07  
179      mt   3.959448e-02   3.959448e-02   6.904657e-10   1.74e-08  
179      mc   -3.920850e-04  -3.920850e-04  4.975624e-12   1.27e-08  
195      ft   -4.165369e-05  -4.165368e-05  1.297608e-11   3.12e-07  
195      fc   8.034804e-05   8.034803e-05   5.240067e-12   6.52e-08  
195      mt   -1.951722e-03  -1.951722e-03  1.891583e-10   9.69e-08  
195      mc   7.562682e-05   7.562682e-05   3.649237e-12   4.83e-08  
211      ft   -1.575132e-05  -1.575131e-05  1.178236e-11   7.48e-07  
211      fc   4.415039e-05   4.415032e-05   7.581111e-11   1.72e-06  
211      mt   -1.795914e-03  -1.795914e-03  3.738156e-10   2.08e-07  
211      mc   6.593534e-05   6.593529e-05   4.879647e-11   7.40e-07  
227      ft   2.656117e-04   2.656118e-04   1.364912e-11   5.14e-08  
227      fc   -7.198636e-05  -7.198640e-05  4.424696e-11   6.15e-07  
227      mt   2.056849e-02   2.056849e-02   6.493842e-10   3.16e-08  
227      mc   -8.105187e-05  -8.105192e-05  4.520206e-11   5.58e-07  
243      ft   -4.271642e-04  -4.271643e-04  2.194498e-11   5.14e-08  
243      fc   1.274512e-03   1.274512e-03   1.055500e-11   8.28e-09  
243      mt   -1.808768e-02  -1.808768e-02  2.247075e-10   1.24e-08  
243      mc   8.535890e-04   8.535889e-04   6.144562e-11   7.20e-08  
259      ft   -2.295995e-06  -2.295966e-06  2.938022e-11   1.28e-05  
259      fc   2.957828e-06   2.957803e-06   2.501312e-11   8.46e-06  
259      mt   -9.816191e-05  -9.816198e-05  7.260762e-11   7.40e-07  
259      mc   4.286649e-06   4.286658e-06   9.598200e-12   2.24e-06  
276      ft   2.785430e-04   2.785430e-04   7.165019e-12   2.57e-08  
276      fc   1.506025e-06   1.506058e-06   3.282723e-11   2.18e-05  
276      mt   -1.496459e-02  -1.496460e-02  3.455274e-09   2.31e-07  
276      mc   2.253592e-05   2.253595e-05   3.374745e-11   1.50e-06  
292      ft   -7.847468e-04  -7.847468e-04  4.474595e-11   5.70e-08  
292      fc   2.621069e-03   2.621069e-03   1.159415e-11   4.42e-09  
292      mt   -3.078833e-02  -3.078833e-02  6.892349e-10   2.24e-08  
292      mc   1.599579e-03   1.599579e-03   4.169445e-11   2.61e-08  
308      ft   -2.066552e-06  -2.066534e-06  1.830584e-11   8.86e-06  
308      fc   -9.325222e-08  -9.325984e-08  7.628336e-12   8.18e-05  
308      mt   -3.198663e-06  -3.198458e-06  2.051463e-10   6.41e-05  
308      mc   -1.850617e-07  -1.850098e-07  5.195259e-11   2.81e-04  
324      ft   -5.918475e-04  -5.918476e-04  3.350993e-11   5.66e-08  
324      fc   3.638711e-05   3.638711e-05   4.445579e-12   1.22e-07  
324      mt   -4.102394e-02  -4.102394e-02  2.025787e-09   4.94e-08  
324      mc   5.568000e-05   5.568001e-05   1.369168e-11   2.46e-07  
340      ft   -1.890644e-04  -1.890644e-04  2.850316e-11   1.51e-07  
340      fc   4.933204e-04   4.933204e-04   2.791178e-11   5.66e-08  
340      mt   2.091331e-03   2.091332e-03   2.519153e-10   1.20e-07  
340      mc   1.517088e-04   1.517088e-04   1.428009e-11   9.41e-08  
356      ft   -4.945591e-08  -4.951817e-08  6.226197e-11   1.26e-03  
356      fc   -4.768012e-09  -4.763967e-09  4.044785e-12   8.48e-04  
356      mt   3.618589e-09   3.266276e-09   3.523127e-10   9.74e-02  
356      mc   -8.325678e-09  -8.287260e-09  3.841828e-11   4.61e-03  
372      ft   -4.411531e-03  -4.411531e-03  1.273022e-12   2.89e-10  
372      fc   -4.072618e-05  -4.072621e-05  3.676936e-11   9.03e-07  
372      mt   -1.059439e-01  -1.059439e-01  1.179659e-09   1.11e-08  
372      mc   -3.349324e-05  -3.349328e-05  4.175582e-11   1.25e-06  
389      ft   9.055228e-04   9.055228e-04   1.011721e-11   1.12e-08  
389      fc   -2.248880e-03  -2.248880e-03  6.059182e-11   2.69e-08  
389      mt   3.099259e-02   3.099259e-02   2.506792e-10   8.09e-09  
389      mc   -1.590716e-03  -1.590716e-03  1.636631e-11   1.03e-08  
405      ft   -2.667124e-08  -2.665201e-08  1.922758e-11   7.21e-04  
405      fc   -2.493909e-09  -2.428058e-09  6.585144e-11   2.64e-02  
405      mt   -2.724277e-07  -2.721878e-07  2.398488e-10   8.80e-04  
405      mc   -3.745693e-09  -3.738121e-09  7.572541e-12   2.02e-03  
421      ft   -8.432669e-03  -8.432669e-03  6.777303e-10   8.04e-08  
421      fc   -1.088325e-04  -1.088324e-04  5.392985e-11   4.96e-07  
421      mt   -1.442844e-01  -1.442844e-01  3.045186e-09   2.11e-08  
421      mc   -1.555832e-04  -1.555832e-04  1.411414e-11   9.07e-08  
437      ft   1.182335e-03   1.182335e-03   3.069078e-11   2.60e-08  
437      fc   -1.944970e-03  -1.944970e-03  8.756459e-11   4.50e-08  
437      mt   1.420501e-02   1.420501e-02   6.356797e-10   4.48e-08  
437      mc   -1.327276e-03  -1.327276e-03  4.448195e-11   3.35e-08  
453      ft   -1.470030e-07  -1.469658e-07  3.718229e-11   2.53e-04  
453      fc   -3.847427e-09  -3.804734e-09  4.269296e-11   1.11e-02  
453      mt   -2.627907e-06  -2.627289e-06  6.178533e-10   2.35e-04  
453      mc   -6.833332e-09  -6.846745e-09  1.341312e-11   1.96e-03  
469      ft   -4.766160e-03  -4.766160e-03  1.788785e-10   3.75e-08  
469      fc   -1.670548e-05  -1.670544e-05  4.156496e-11   2.49e-06  
469      mt   -7.953677e-02  -7.953677e-02  1.272319e-09   1.60e-08  
469      mc   -6.504645e-05  -6.504642e-05  2.587748e-11   3.98e-07  
486      ft   6.229347e-04   6.229348e-04   7.162207e-11   1.15e-07  
486      fc   -7.928551e-04  -7.928551e-04  5.208850e-11   6.57e-08  
486      mt   2.545054e-04   2.545061e-04   7.227673e-10   2.84e-06  
486      mc   -5.373823e-04  -5.373823e-04  6.890506e-12   1.28e-08  
502      ft   -5.374518e-07  -5.374945e-07  4.272721e-11   7.95e-05  
502      fc   9.535793e-09   9.559020e-09   2.322692e-11   2.44e-03  
502      mt   -1.185976e-05  -1.186035e-05  5.895600e-10   4.97e-05  
502      mc   7.951078e-09   8.006928e-09   5.585069e-11   7.02e-03  
518      ft   -7.580761e-04  -7.580761e-04  1.823144e-11   2.40e-08  
518      fc   1.982098e-05   1.982102e-05   3.866291e-11   1.95e-06  
518      mt   -2.025655e-02  -2.025655e-02  9.297518e-11   4.59e-09  
518      mc   1.334023e-05   1.334021e-05   2.141528e-11   1.61e-06  
534      ft   -5.687447e-05  -5.687443e-05  3.936452e-11   6.92e-07  
534      fc   -1.330903e-04  -1.330903e-04  9.731669e-12   7.31e-08  
534      mt   1.429981e-03   1.429981e-03   2.486243e-10   1.74e-07  
534      mc   -9.701149e-05  -9.701140e-05  8.149433e-11   8.40e-07  
550      ft   -8.316926e-04  -8.316925e-04  7.279836e-11   8.75e-08  
550      fc   -1.349791e-02  -1.349791e-02  1.813929e-10   1.34e-08  
550      mt   -1.061135e-02  -1.061135e-02  8.447732e-12   7.96e-10  
550      mc   -3.245349e-03  -3.245349e-03  2.254538e-11   6.95e-09  
566      ft   -3.545534e-06  -3.545563e-06  2.862836e-11   8.07e-06  
566      fc   2.198960e-06   2.198908e-06   5.176293e-11   2.35e-05  
566      mt   -5.565199e-04  -5.565205e-04  5.490417e-10   9.87e-07  
566      mc   1.775293e-06   1.775294e-06   1.646413e-12   9.27e-07  
582      ft   -1.715804e-04  -1.715804e-04  1.089311e-11   6.35e-08  
582      fc   -2.017704e-04  -2.017705e-04  3.940524e-11   1.95e-07  
582      mt   -5.214716e-03  -5.214716e-03  9.385141e-12   1.80e-09  
582      mc   -1.933322e-04  -1.933323e-04  5.374409e-11   2.78e-07  
599      ft   -1.293220e-03  -1.293220e-03  9.424121e-11   7.29e-08  
599      fc   -1.667726e-02  -1.667726e-02  1.964227e-10   1.18e-08  
599      mt   -1.129769e-02  -1.129769e-02  3.782689e-10   3.35e-08  
599      mc   -4.441876e-03  -4.441876e-03  1.074100e-10   2.42e-08  
615      ft   -5.416158e-06  -5.416180e-06  2.207038e-11   4.07e-06  
615      fc   -5.992341e-07  -5.992323e-07  1.770845e-12   2.96e-06  
615      mt   -9.466485e-05  -9.466519e-05  3.375326e-10   3.57e-06  
615      mc   -1.825567e-06  -1.825554e-06  1.301425e-11   7.13e-06  
631      ft   -5.988975e-04  -5.988974e-04  3.638751e-11   6.08e-08  
631      fc   -3.856469e-04  -3.856469e-04  4.420817e-11   1.15e-07  
631      mt   -9.834076e-03  -9.834075e-03  3.473483e-10   3.53e-08  
631      mc   -4.318772e-04  -4.318772e-04  1.298899e-12   3.01e-09  
647      ft   1.240687e-04   1.240687e-04   6.486396e-12   5.23e-08  
647      fc   -1.047960e-02  -1.047960e-02  1.168942e-10   1.12e-08  
647      mt   5.564620e-03   5.564619e-03   3.261879e-10   5.86e-08  
647      mc   -5.255252e-03  -5.255252e-03  4.298916e-11   8.18e-09  
663      ft   -3.228947e-05  -3.228942e-05  5.300651e-11   1.64e-06  
663      fc   -4.414658e-06  -4.414620e-06  3.800689e-11   8.61e-06  
663      mt   -3.092928e-04  -3.092921e-04  7.240507e-10   2.34e-06  
663      mc   -7.920176e-06  -7.920182e-06  6.030908e-12   7.61e-07  
679      ft   -4.832116e-03  -4.832116e-03  9.284920e-12   1.92e-09  
679      fc   -1.478726e-03  -1.478726e-03  4.414692e-11   2.99e-08  
679      mt   9.125789e-03   9.125790e-03   1.976273e-10   2.17e-08  
679      mc   -1.717957e-03  -1.717957e-03  2.524906e-11   1.47e-08  
696      ft   7.605954e-04   7.605954e-04   1.826048e-11   2.40e-08  
696      fc   -4.325823e-03  -4.325823e-03  6.882190e-11   1.59e-08  
696      mt   1.384489e-02   1.384489e-02   2.681948e-10   1.94e-08  
696      mc   -2.766132e-03  -2.766132e-03  8.426907e-11   3.05e-08  
712      ft   -1.829466e-04  -1.829467e-04  8.089635e-11   4.42e-07  
712      fc   -2.070770e-05  -2.070767e-05  2.836021e-11   1.37e-06  
712      mt   -2.049210e-03  -2.049211e-03  3.733376e-10   1.82e-07  
712      mc   -3.758667e-05  -3.758667e-05  1.157134e-12   3.08e-08  
728      ft   -1.886122e-03  -1.886122e-03  2.340279e-11   1.24e-08  
728      fc   -1.172960e-03  -1.172959e-03  4.898436e-11   4.18e-08  
728      mt   -5.947156e-02  -5.947156e-02  3.464803e-09   5.83e-08  
728      mc   -1.233892e-03  -1.233892e-03  4.138417e-11   3.35e-08  
744      ft   4.234075e-04   4.234075e-04   6.296784e-12   1.49e-08  
744      fc   1.813207e-03   1.813207e-03   1.705746e-11   9.41e-09  
744      mt   1.809984e-02   1.809984e-02   3.282138e-10   1.81e-08  
744      mc   1.274148e-03   1.274148e-03   2.036242e-11   1.60e-08  
760      ft   -5.977202e-04  -5.977201e-04  1.341191e-11   2.24e-08  
760      fc   -4.665325e-05  -4.665327e-05  2.038423e-11   4.37e-07  
760      mt   -8.409134e-03  -8.409133e-03  2.933506e-10   3.49e-08  
760      mc   -8.884680e-05  -8.884677e-05  2.592068e-11   2.92e-07  
776      ft   -7.346441e-04  -7.346441e-04  5.317262e-11   7.24e-08  
776      fc   -4.371051e-04  -4.371051e-04  3.898706e-11   8.92e-08  
776      mt   -1.390682e-01  -1.390682e-01  1.054777e-08   7.58e-08  
776      mc   -2.515625e-04  -2.515625e-04  3.915703e-11   1.56e-07  
792      ft   4.124226e-04   4.124226e-04   1.591401e-11   3.86e-08  
792      fc   2.767301e-03   2.767301e-03   1.762696e-11   6.37e-09  
792      mt   1.385792e-02   1.385792e-02   2.795745e-10   2.02e-08  
792      mc   1.359487e-03   1.359487e-03   2.716696e-11   2.00e-08  
809      ft   -1.006875e-03  -1.006875e-03  3.041976e-11   3.02e-08  
809      fc   -6.005537e-05  -6.005534e-05  3.162221e-11   5.27e-07  
809      mt   -1.565534e-02  -1.565534e-02  1.404439e-10   8.97e-09  
809      mc   -1.197599e-04  -1.197598e-04  7.380018e-11   6.16e-07  
825      ft   -8.257942e-04  -8.257942e-04  1.543140e-11   1.87e-08  
825      fc   -1.749856e-04  -1.749856e-04  1.244809e-11   7.11e-08  
825      mt   -6.277585e-02  -6.277585e-02  1.084103e-09   1.73e-08  
825      mc   -4.590690e-05  -4.590689e-05  1.193358e-11   2.60e-07  
841      ft   6.399202e-04   6.399202e-04   1.885840e-11   2.95e-08  
841      fc   2.632391e-03   2.632391e-03   2.872912e-12   1.09e-09  
841      mt   1.179520e-02   1.179520e-02   1.129118e-10   9.57e-09  
841      mc   1.402555e-03   1.402555e-03   1.402150e-11   1.00e-08  
857      ft   -7.299720e-04  -7.299720e-04  2.144207e-11   2.94e-08  
857      fc   -1.460626e-05  -1.460625e-05  1.169465e-11   8.01e-07  
857      mt   -1.360100e-02  -1.360100e-02  3.662268e-10   2.69e-08  
857      mc   -4.038393e-05  -4.038389e-05  3.173018e-11   7.86e-07  
873      ft   -7.736049e-04  -7.736049e-04  4.824961e-13   6.24e-10  
873      fc   -1.530994e-04  -1.530993e-04  1.425233e-11   9.31e-08  
873      mt   -1.141381e-03  -1.141381e-03  2.148428e-11   1.88e-08  
873      mc   -2.525321e-04  -2.525320e-04  2.313818e-11   9.16e-08  
889      ft   5.530584e-04   5.530584e-04   1.986334e-11   3.59e-08  
889      fc   1.913525e-03   1.913525e-03   1.042515e-11   5.45e-09  
889      mt   1.293976e-03   1.293976e-03   8.749685e-11   6.76e-08  
889      mc   8.008480e-04   8.008480e-04   2.256112e-12   2.82e-09  
905      ft   1.189215e-04   1.189215e-04   5.057155e-12   4.25e-08  
905      fc   -4.587239e-06  -4.587254e-06  1.478905e-11   3.22e-06  
905      mt   3.236577e-03   3.236577e-03   9.410082e-12   2.91e-09  
905      mc   -6.269226e-06  -6.269238e-06  1.188227e-11   1.90e-06  
922      ft   -3.135576e-04  -3.135575e-04  4.286730e-11   1.37e-07  
922      fc   -4.111615e-05  -4.111617e-05  1.322153e-11   3.22e-07  
922      mt   -1.782172e-04  -1.782165e-04  6.819632e-10   3.83e-06  
922      mc   -7.840382e-05  -7.840380e-05  1.488092e-11   1.90e-07  
938      ft   4.347191e-05   4.347190e-05   1.396639e-11   3.21e-07  
938      fc   1.000917e-03   1.000917e-03   3.235180e-11   3.23e-08  
938      mt   3.792059e-04   3.792059e-04   3.532266e-11   9.31e-08  
938      mc   1.528715e-04   1.528715e-04   2.217495e-11   1.45e-07  
954      ft   6.091412e-04   6.091412e-04   1.635098e-11   2.68e-08  
954      fc   -3.381304e-05  -3.381301e-05  2.745292e-11   8.12e-07  
954      mt   1.580587e-02   1.580587e-02   2.479972e-10   1.57e-08  
954      mc   -4.318520e-05  -4.318521e-05  1.389500e-11   3.22e-07  
970      ft   4.476187e-04   4.476187e-04   2.359225e-11   5.27e-08  
970      fc   1.140794e-04   1.140794e-04   4.105384e-11   3.60e-07  
970      mt   -2.399859e-05  -2.399900e-05  4.135834e-10   1.72e-05  
970      mc   1.946152e-04   1.946152e-04   2.721600e-11   1.40e-07  
986      ft   -5.808212e-04  -5.808213e-04  9.131770e-11   1.57e-07  
986      fc   4.927369e-04   4.927368e-04   8.622198e-11   1.75e-07  
986      mt   5.208788e-04   5.208789e-04   1.597141e-10   3.07e-07  
986      mc   -5.327040e-04  -5.327041e-04  1.168412e-10   2.19e-07  
1002     ft   -9.580892e-04  -9.580893e-04  7.633612e-11   7.97e-08  
1002     fc   -2.813880e-04  -2.813880e-04  8.645941e-12   3.07e-08  
1002     mt   -1.656332e-02  -1.656332e-02  2.037837e-09   1.23e-07  
1002     mc   -2.216328e-04  -2.216328e-04  2.100674e-11   9.48e-08  
1019     ft   3.609284e-04   3.609284e-04   1.727981e-11   4.79e-08  
1019     fc   6.525359e-04   6.525360e-04   7.158717e-11   1.10e-07  
1019     mt   5.192054e-04   5.192048e-04   5.884088e-10   1.13e-06  
1019     mc   -5.803721e-03  -5.803720e-03  1.258418e-10   2.17e-08  
1035     ft   -5.647473e-05  -5.647473e-05  1.452613e-12   2.57e-08  
1035     fc   1.165990e-03   1.165990e-03   1.710515e-11   1.47e-08  
1035     mt   2.038008e-04   2.038009e-04   1.187647e-10   5.83e-07  
1035     mc   -1.764504e-03  -1.764504e-03  8.192019e-11   4.64e-08  
1051     ft   -1.866260e-03  -1.866260e-03  6.920584e-11   3.71e-08  
1051     fc   -2.592222e-04  -2.592221e-04  2.069538e-11   7.98e-08  
1051     mt   -3.749465e-03  -3.749464e-03  6.083519e-10   1.62e-07  
1051     mc   -1.324245e-03  -1.324245e-03  3.717503e-11   2.81e-08  
1067     ft   -4.914492e-03  -4.914492e-03  1.615884e-10   3.29e-08  
1067     fc   -5.677897e-03  -5.677897e-03  2.809163e-11   4.95e-09  
1067     mt   -9.849714e-03  -9.849712e-03  2.074604e-09   2.11e-07  
1067     mc   -1.173039e-03  -1.173039e-03  7.047151e-11   6.01e-08  
1083     ft   -4.771180e-03  -4.771180e-03  1.216937e-10   2.55e-08  
1083     fc   -1.490873e-03  -1.490873e-03  4.208807e-11   2.82e-08  
1083     mt   3.747985e-03   3.747987e-03   2.377817e-09   6.34e-07  
1083     mc   -3.465695e-03  -3.465695e-03  3.389829e-11   9.78e-09  
1099     ft   2.784514e-04   2.784515e-04   1.020990e-10   3.67e-07  
1099     fc   1.051353e-03   1.051353e-03   2.507463e-11   2.38e-08  
1099     mt   -8.627940e-04  -8.627930e-04  1.063444e-09   1.23e-06  
1099     mc   -3.589154e-03  -3.589154e-03  1.887022e-11   5.26e-09  
1115     ft   -5.208230e-03  -5.208230e-03  5.247399e-11   1.01e-08  
1115     fc   6.937132e-03   6.937132e-03   1.648804e-11   2.38e-09  
1115     mt   -1.231787e-02  -1.231787e-02  3.749052e-10   3.04e-08  
1115     mc   -5.838871e-03  -5.838871e-03  7.287104e-11   1.25e-08  
1132     ft   -6.853412e-03  -6.853412e-03  6.213694e-11   9.07e-09  
1132     fc   -1.035189e-02  -1.035189e-02  3.643663e-11   3.52e-09  
1132     mt   -2.047278e-02  -2.047278e-02  5.375983e-10   2.63e-08  
1132     mc   -3.704899e-03  -3.704899e-03  1.325569e-10   3.58e-08  
1148     ft   -2.076616e-03  -2.076616e-03  6.326147e-11   3.05e-08  
1148     fc   -1.046226e-02  -1.046226e-02  6.623824e-11   6.33e-09  
1148     mt   -5.548367e-03  -5.548369e-03  1.950228e-09   3.51e-07  
1148     mc   -2.769956e-04  -2.769954e-04  1.406036e-10   5.08e-07  
1164     ft   -3.345388e-03  -3.345388e-03  1.338931e-10   4.00e-08  
1164     fc   -3.100236e-03  -3.100236e-03  6.053880e-12   1.95e-09  
1164     mt   -8.633988e-03  -8.633986e-03  1.342564e-09   1.55e-07  
1164     mc   -2.444321e-03  -2.444321e-03  7.825733e-12   3.20e-09  
1180     ft   2.808197e-04   2.808199e-04   2.521855e-10   8.98e-07  
1180     fc   -5.897935e-03  -5.897935e-03  9.785277e-11   1.66e-08  
1180     mt   7.581938e-04   7.581962e-04   2.464653e-09   3.25e-06  
1180     mc   -4.129710e-03  -4.129710e-03  8.787491e-11   2.13e-08  
1196     ft   -2.350305e-02  -2.350305e-02  9.959094e-10   4.24e-08  
1196     fc   -2.979444e-03  -2.979444e-03  1.815726e-10   6.09e-08  
1196     mt   -3.443222e-02  -3.443222e-02  1.165632e-09   3.39e-08  
1196     mc   -2.128806e-03  -2.128806e-03  2.620140e-10   1.23e-07  
1212     ft   -2.167951e-02  -2.167951e-02  9.738425e-10   4.49e-08  
1212     fc   -3.949648e-02  -3.949648e-02  6.834731e-10   1.73e-08  
1212     mt   -3.300953e-03  -3.300955e-03  2.299990e-09   6.97e-07  
1212     mc   -2.483198e-03  -2.483198e-03  4.259246e-10   1.72e-07  
1229     ft   -1.489519e-03  -1.489520e-03  1.680730e-10   1.13e-07  
1229     fc   -1.421148e-02  -1.421148e-02  1.437208e-10   1.01e-08  
1229     mt   -4.690678e-02  -4.690678e-02  2.546389e-09   5.43e-08  
1229     mc   1.022465e-03   1.022465e-03   5.329550e-11   5.21e-08  
1245     ft   -2.811164e-03  -2.811164e-03  8.715098e-11   3.10e-08  
1245     fc   -1.784432e-03  -1.784432e-03  4.324317e-12   2.42e-09  
1245     mt   -1.664676e-02  -1.664676e-02  3.573378e-10   2.15e-08  
1245     mc   -1.848978e-03  -1.848977e-03  3.254365e-11   1.76e-08  
1261     ft   -1.899396e-03  -1.899396e-03  1.651120e-10   8.69e-08  
1261     fc   -5.800982e-03  -5.800982e-03  9.982668e-11   1.72e-08  
1261     mt   1.877208e-03   1.877208e-03   3.232001e-10   1.72e-07  
1261     mc   -2.957731e-03  -2.957731e-03  5.567862e-10   1.88e-07  
1277     ft   2.122837e-02   2.122837e-02   1.386131e-10   6.53e-09  
1277     fc   -1.585566e-02  -1.585566e-02  1.461920e-10   9.22e-09  
1277     mt   2.276034e-02   2.276034e-02   1.056625e-09   4.64e-08  
1277     mc   -2.426160e-02  -2.426160e-02  5.840287e-10   2.41e-08  
1293     ft   -3.787384e-02  -3.787384e-02  3.771478e-10   9.96e-09  
1293     fc   3.739991e-02   3.739991e-02   7.953028e-10   2.13e-08  
1293     mt   -1.553139e-02  -1.553139e-02  1.693407e-09   1.09e-07  
1293     mc   -8.811770e-03  -8.811770e-03  1.042168e-10   1.18e-08  
1309     ft   -2.235115e-02  -2.235115e-02  9.552142e-11   4.27e-09  
1309     fc   -1.902771e-01  -1.902771e-01  7.679133e-10   4.04e-09  
1309     mt   1.605808e-02   1.605808e-02   8.103553e-10   5.05e-08  
1309     mc   -3.392129e-02  -3.392129e-02  1.076646e-09   3.17e-08  
1325     ft   -1.910769e-02  -1.910769e-02  5.294813e-12   2.77e-10  
1325     fc   -2.454525e-02  -2.454525e-02  3.936842e-10   1.60e-08  
1325     mt   -1.906443e-02  -1.906442e-02  1.715730e-09   9.00e-08  
1325     mc   -1.127791e-02  -1.127791e-02  1.329449e-10   1.18e-08  
1342     ft   1.062748e-04   1.062749e-04   9.326062e-11   8.78e-07  
1342     fc   1.276704e-04   1.276702e-04   2.360170e-10   1.85e-06  
1342     mt   6.611864e-04   6.611864e-04   6.150685e-11   9.30e-08  
1342     mc   -6.347329e-03  -6.347329e-03  2.949009e-11   4.65e-09  
1358     ft   -1.243753e-02  -1.243753e-02  4.118888e-10   3.31e-08  
1358     fc   -1.585025e-02  -1.585026e-02  7.212361e-10   4.55e-08  
1358     mt   1.113459e-02   1.113459e-02   1.266071e-10   1.14e-08  
1358     mc   -6.405358e-02  -6.405359e-02  4.754552e-09   7.42e-08  
1374     ft   -3.844683e-02  -3.844683e-02  7.217023e-10   1.88e-08  
1374     fc   2.668189e-03   2.668188e-03   1.009174e-09   3.78e-07  
1374     mt   -8.811556e-04  -8.811575e-04  1.890577e-09   2.15e-06  
1374     mc   -2.600374e-02  -2.600374e-02  6.346182e-10   2.44e-08  
1390     ft   -1.244525e-02  -1.244525e-02  6.724821e-10   5.40e-08  
1390     fc   -5.665559e-02  -5.665559e-02  7.300633e-10   1.29e-08  
1390     mt   -5.031348e-03  -5.031349e-03  9.782361e-10   1.94e-07  
1390     mc   -3.858758e-03  -3.858759e-03  5.832183e-10   1.51e-07  
1406     ft   6.411334e-03   6.411334e-03   3.143744e-10   4.90e-08  
1406     fc   1.309005e-02   1.309006e-02   6.505586e-10   4.97e-08  
1406     mt   -4.064497e-03  -4.064497e-03  2.034617e-10   5.01e-08  
1406     mc   -3.374415e-03  -3.374414e-03  6.464662e-10   1.92e-07  
1422     ft   1.610962e-03   1.610963e-03   2.610641e-10   1.62e-07  
1422     fc   3.878940e-03   3.878940e-03   5.257261e-10   1.36e-07  
1422     mt   -9.234102e-04  -9.234096e-04  6.308112e-10   6.83e-07  
1422     mc   -1.076202e-03  -1.076201e-03  4.384339e-10   4.07e-07  
1438     ft   2.120002e-02   2.120002e-02   2.048376e-10   9.66e-09  
1438     fc   1.546074e-02   1.546074e-02   2.474659e-10   1.60e-08  
1438     mt   7.088583e-03   7.088584e-03   2.914580e-10   4.11e-08  
1438     mc   -3.772374e-02  -3.772374e-02  2.094986e-09   5.55e-08  
1455     ft   -1.654060e-02  -1.654060e-02  2.765231e-10   1.67e-08  
1455     fc   -2.432216e-02  -2.432216e-02  3.795878e-10   1.56e-08  
1455     mt   3.863719e-03   3.863721e-03   2.147243e-09   5.56e-07  
1455     mc   -5.141511e-02  -5.141511e-02  1.033106e-09   2.01e-08  
1471     ft   -1.334564e-02  -1.334564e-02  7.772686e-11   5.82e-09  
1471     fc   -2.088251e-02  -2.088251e-02  6.830483e-11   3.27e-09  
1471     mt   -4.431276e-03  -4.431275e-03  1.179926e-09   2.66e-07  
1471     mc   -1.693796e-02  -1.693796e-02  4.304348e-10   2.54e-08  
1487     ft   -1.428260e-03  -1.428260e-03  3.284604e-10   2.30e-07  
1487     fc   -1.122162e-03  -1.122162e-03  6.708760e-10   5.98e-07  
1487     mt   6.840079e-03   6.840079e-03   3.417522e-11   5.00e-09  
1487     mc   -2.320139e-03  -2.320138e-03  5.849783e-10   2.52e-07  
1503     ft   3.945487e-04   3.945485e-04   2.024177e-10   5.13e-07  
1503     fc   1.626860e-03   1.626860e-03   3.227239e-10   1.98e-07  
1503     mt   -1.976239e-03  -1.976240e-03  9.979929e-10   5.05e-07  
1503     mc   -1.165201e-04  -1.165201e-04  2.724529e-11   2.34e-07  
1519     ft   1.328261e-03   1.328261e-03   5.709351e-10   4.30e-07  
1519     fc   -1.791391e-03  -1.791390e-03  7.915755e-10   4.42e-07  
1519     mt   1.681440e-04   1.681455e-04   1.461566e-09   8.69e-06  
1519     mc   -9.610528e-03  -9.610527e-03  7.600756e-10   7.91e-08  
1535     ft   -4.492140e-03  -4.492139e-03  4.338270e-10   9.66e-08  
1535     fc   -1.317649e-02  -1.317649e-02  5.816777e-10   4.41e-08  
1535     mt   -7.470610e-04  -7.470596e-04  1.327692e-09   1.78e-06  
1535     mc   -5.815653e-02  -5.815653e-02  5.028525e-11   8.65e-10  
1552     ft   -6.303662e-03  -6.303662e-03  8.850885e-11   1.40e-08  
1552     fc   -4.131733e-03  -4.131733e-03  2.094503e-10   5.07e-08  
1552     mt   -7.209853e-04  -7.209857e-04  3.484627e-10   4.83e-07  
1552     mc   7.988331e-04   7.988330e-04   8.907437e-11   1.12e-07  
1568     ft   -2.013153e-02  -2.013153e-02  8.364231e-10   4.15e-08  
1568     fc   -3.029746e-04  -3.029743e-04  2.905249e-10   9.59e-07  
1568     mt   -1.591949e-02  -1.591949e-02  9.210940e-10   5.79e-08  
1568     mc   4.382998e-04   4.382998e-04   8.856211e-11   2.02e-07  
1584     ft   -1.220122e-04  -1.220114e-04  8.292696e-10   6.80e-06  
1584     fc   -9.569103e-05  -9.568970e-05  1.323924e-09   1.38e-05  
1584     mt   -1.623684e-04  -1.623656e-04  2.771163e-09   1.71e-05  
1584     mc   6.549464e-05   6.549649e-05   1.848243e-09   2.82e-05  
1600     ft   -1.459883e-07  -1.457767e-07  2.115373e-10   1.45e-03  
1600     fc   -3.444853e-07  -3.441858e-07  2.995391e-10   8.70e-04  
1600     mt   -3.254005e-07  -3.246670e-07  7.335068e-10   2.25e-03  
1600     mc   -1.478011e-06  -1.477343e-06  6.681336e-10   4.52e-04  

--- dgh/dtheta: Hashin sensitivity w.r.t. fibre angle ---
Element ModeName AnalyticValue Numericvalue Abs.Err Rel.Err
1        ft   8.984797e-05   8.984795e-05   2.385656e-11   2.66e-07  
1        fc   6.365616e-05   6.365617e-05   1.113898e-11   1.75e-07  
1        mt   -3.442624e-03  -3.442625e-03  4.342274e-10   1.26e-07  
1        mc   1.040505e-04   1.040505e-04   3.487782e-11   3.35e-07  
17       ft   -9.109650e-05  -9.109651e-05  1.214513e-11   1.33e-07  
17       fc   -6.137918e-06  -6.137930e-06  1.240930e-11   2.02e-06  
17       mt   -4.116117e-03  -4.116117e-03  2.463770e-10   5.99e-08  
17       mc   -1.228122e-05  -1.228124e-05  2.631040e-11   2.14e-06  
33       ft   1.176916e-05   1.176917e-05   1.629458e-11   1.38e-06  
33       fc   -3.118977e-05  -3.118982e-05  4.026882e-11   1.29e-06  
33       mt   2.226142e-03   2.226142e-03   2.081643e-10   9.35e-08  
33       mc   -2.784745e-05  -2.784745e-05  7.656812e-13   2.75e-08  
49       ft   -1.137345e-11  -5.162537e-11  4.025192e-11   3.54e+00  
49       fc   6.154272e-12   -3.885781e-11  4.501208e-11   7.30e+00  
49       mt   -3.597655e-10  -6.156187e-10  2.558532e-10   7.11e-01  
49       mc   1.291119e-11   3.885781e-12   9.025414e-12   6.98e-01  
66       ft   -1.035795e-04  -1.035794e-04  1.118357e-10   1.08e-06  
66       fc   -4.497827e-06  -4.497761e-06  6.643639e-11   1.48e-05  
66       mt   -4.222792e-03  -4.222790e-03  1.526641e-09   3.62e-07  
66       mc   -7.318448e-06  -7.318448e-06  2.889943e-13   3.95e-08  
82       ft   9.520641e-05   9.520644e-05   2.547539e-11   2.68e-07  
82       fc   -1.006510e-04  -1.006510e-04  2.786283e-11   2.77e-07  
82       mt   7.445189e-03   7.445189e-03   2.300388e-10   3.09e-08  
82       mc   -8.249002e-05  -8.249001e-05  1.543696e-11   1.87e-07  
98       ft   -4.202487e-10  -4.296563e-10  9.407645e-12   2.24e-02  
98       fc   5.557951e-10   5.917489e-10   3.595381e-11   6.47e-02  
98       mt   -1.538235e-08  -1.593503e-08  5.526780e-10   3.59e-02  
98       mc   5.992480e-10   6.361578e-10   3.690975e-11   6.16e-02  
114      ft   -6.223077e-06  -6.223086e-06  8.933789e-12   1.44e-06  
114      fc   9.229886e-06   9.229852e-06   3.341976e-11   3.62e-06  
114      mt   -1.393088e-03  -1.393088e-03  1.747197e-10   1.25e-07  
114      mc   1.733951e-05   1.733948e-05   3.170381e-11   1.83e-06  
130      ft   2.234066e-04   2.234066e-04   1.703509e-11   7.63e-08  
130      fc   -1.270112e-04  -1.270112e-04  1.050412e-11   8.27e-08  
130      mt   1.862272e-02   1.862272e-02   6.273608e-10   3.37e-08  
130      mc   -1.057359e-04  -1.057359e-04  2.986646e-11   2.82e-07  
146      ft   -1.360267e-07  -1.360723e-07  4.558850e-11   3.35e-04  
146      fc   2.578256e-07   2.578654e-07   3.977302e-11   1.54e-04  
146      mt   -5.521295e-06  -5.521734e-06  4.388079e-10   7.95e-05  
146      mc   2.247715e-07   2.247597e-07   1.180984e-11   5.25e-05  
163      ft   1.982864e-05   1.982864e-05   6.732003e-13   3.40e-08  
163      fc   6.826705e-06   6.826670e-06   3.482980e-11   5.10e-06  
163      mt   -2.990864e-04  -2.990867e-04  2.825195e-10   9.45e-07  
163      mc   1.236188e-05   1.236185e-05   3.607414e-11   2.92e-06  
179      ft   2.242860e-04   2.242860e-04   7.555372e-12   3.37e-08  
179      fc   -9.380060e-05  -9.380061e-05  1.030434e-11   1.10e-07  
179      mt   2.167837e-02   2.167837e-02   6.073771e-10   2.80e-08  
179      mc   -7.616236e-05  -7.616238e-05  2.373065e-11   3.12e-07  
195      ft   -2.313232e-06  -2.313267e-06  3.527351e-11   1.52e-05  
195      fc   7.048974e-06   7.048979e-06   4.406837e-12   6.25e-07  
195      mt   -8.284162e-05  -8.284201e-05  3.914435e-10   4.73e-06  
195      mc   4.246473e-06   4.246465e-06   8.601254e-12   2.03e-06  
211      ft   7.960999e-06   7.961013e-06   1.380008e-11   1.73e-06  
211      fc   2.160411e-06   2.160421e-06   1.045639e-11   4.84e-06  
211      mt   -8.902014e-05  -8.902030e-05  1.664987e-10   1.87e-06  
211      mc   3.723632e-06   3.723612e-06   1.999415e-11   5.37e-06  
227      ft   -8.081737e-06  -8.081726e-06  1.097814e-11   1.36e-06  
227      fc   -1.024332e-05  -1.024336e-05  4.283030e-11   4.18e-06  
227      mt   1.117651e-02   1.117651e-02   4.005169e-10   3.58e-08  
227      mc   1.549142e-06   1.549081e-06   6.054525e-11   3.91e-05  
243      ft   -1.859209e-05  -1.859210e-05  1.139816e-11   6.13e-07  
243      fc   2.851028e-05   2.851025e-05   2.312474e-11   8.11e-07  
243      mt   3.378887e-04   3.378884e-04   2.587034e-10   7.66e-07  
243      mc   5.434079e-06   5.434105e-06   2.578956e-11   4.75e-06  
259      ft   6.843476e-07   6.843520e-07   4.457091e-12   6.51e-06  
259      fc   2.444256e-07   2.444422e-07   1.661111e-11   6.80e-05  
259      mt   -7.865455e-06  -7.865443e-06  1.214071e-11   1.54e-06  
259      mc   3.871393e-07   3.871303e-07   8.936281e-12   2.31e-05  
276      ft   -8.598819e-05  -8.598818e-05  7.419875e-12   8.63e-08  
276      fc   4.967672e-06   4.967668e-06   3.264139e-12   6.57e-07  
276      mt   1.856877e-03   1.856877e-03   1.395812e-10   7.52e-08  
276      mc   1.519498e-05   1.519492e-05   5.588635e-11   3.68e-06  
292      ft   -5.154435e-05  -5.154436e-05  1.046367e-11   2.03e-07  
292      fc   -1.192450e-04  -1.192450e-04  2.411223e-11   2.02e-07  
292      mt   3.320806e-03   3.320806e-03   1.272089e-10   3.83e-08  
292      mc   -8.600321e-05  -8.600321e-05  7.407136e-12   8.61e-08  
308      ft   -8.605648e-09  -8.618106e-09  1.245783e-11   1.45e-03  
308      fc   4.064995e-09   4.019007e-09   4.598731e-11   1.13e-02  
308      mt   -1.371250e-07  -1.371092e-07  1.574191e-11   1.15e-04  
308      mc   5.893588e-09   5.916934e-09   2.334520e-11   3.96e-03  
324      ft   -2.890631e-05  -2.890638e-05  6.072739e-11   2.10e-06  
324      fc   -3.202470e-06  -3.202401e-06  6.927580e-11   2.16e-05  
324      mt   -2.373776e-03  -2.373777e-03  7.981263e-10   3.36e-07  
324      mc   3.914163e-07   3.914663e-07   5.001660e-11   1.28e-04  
340      ft   -4.565720e-05  -4.565721e-05  6.560184e-12   1.44e-07  
340      fc   -5.991888e-04  -5.991889e-04  7.318299e-11   1.22e-07  
340      mt   1.222725e-02   1.222725e-02   4.513236e-11   3.69e-09  
340      mc   -3.916989e-04  -3.916989e-04  2.028522e-11   5.18e-08  
356      ft   -3.432123e-10  -4.385381e-10  9.532582e-11   2.78e-01  
356      fc   -3.667482e-11  -3.219647e-11  4.478356e-12   1.22e-01  
356      mt   4.702340e-10   -1.670886e-10  6.373226e-10   1.36e+00  
356      mc   -5.993120e-11  -6.106227e-12  5.382498e-11   8.98e-01  
372      ft   -4.541082e-05  -4.541080e-05  1.885199e-11   4.15e-07  
372      fc   -1.263566e-05  -1.263562e-05  3.843105e-11   3.04e-06  
372      mt   -2.175572e-03  -2.175571e-03  1.929640e-10   8.87e-08  
372      mc   -1.778655e-05  -1.778657e-05  1.896971e-11   1.07e-06  
389      ft   2.161073e-05   2.161072e-05   1.616187e-11   7.48e-07  
389      fc   -7.161624e-04  -7.161624e-04  1.597026e-11   2.23e-08  
389      mt   1.407751e-02   1.407751e-02   3.516428e-10   2.50e-08  
389      mc   -4.770933e-04  -4.770932e-04  6.083726e-12   1.28e-08  
405      ft   1.565724e-10   1.287859e-10   2.778651e-11   1.77e-01  
405      fc   2.900695e-11   3.719247e-11   8.185516e-12   2.82e-01  
405      mt   5.787678e-11   -1.543210e-10  2.121978e-10   3.67e+00  
405      mc   3.828799e-11   2.720046e-11   1.108752e-11   2.90e-01  
421      ft   -5.342964e-04  -5.342964e-04  9.023281e-12   1.69e-08  
421      fc   -2.204783e-05  -2.204782e-05  1.423894e-11   6.46e-07  
421      mt   -1.104589e-02  -1.104589e-02  5.447877e-10   4.93e-08  
421      mc   -3.458055e-05  -3.458051e-05  3.927576e-11   1.14e-06  
437      ft   1.258311e-05   1.258315e-05   3.342548e-11   2.66e-06  
437      fc   -3.108943e-04  -3.108943e-04  3.388552e-11   1.09e-07  
437      mt   7.029117e-03   7.029118e-03   4.767803e-10   6.78e-08  
437      mc   -2.121923e-04  -2.121923e-04  3.483592e-12   1.64e-08  
453      ft   1.927577e-10   1.948441e-10   2.086405e-12   1.08e-02  
453      fc   1.432848e-10   8.659740e-11   5.668740e-11   3.96e-01  
453      mt   -9.323783e-09  -9.580670e-09  2.568863e-10   2.76e-02  
453      mc   2.071402e-10   1.409983e-10   6.614186e-11   3.19e-01  
469      ft   -6.320099e-04  -6.320099e-04  3.902398e-11   6.17e-08  
469      fc   -2.608621e-06  -2.608627e-06  6.571349e-12   2.52e-06  
469      mt   -9.960716e-03  -9.960717e-03  5.943247e-10   5.97e-08  
469      mc   -7.814891e-06  -7.814901e-06  1.042273e-11   1.33e-06  
486      ft   -5.241992e-06  -5.241998e-06  5.890268e-12   1.12e-06  
486      fc   -8.969528e-05  -8.969536e-05  7.972458e-11   8.89e-07  
486      mt   2.530281e-03   2.530281e-03   5.052531e-10   2.00e-07  
486      mc   -6.147686e-05  -6.147688e-05  1.283569e-11   2.09e-07  
502      ft   -2.646622e-09  -2.656764e-09  1.014168e-11   3.83e-03  
502      fc   8.392363e-10   8.248957e-10   1.434061e-11   1.71e-02  
502      mt   -1.262759e-07  -1.264167e-07  1.407289e-10   1.11e-03  
502      mc   1.253430e-09   1.262324e-09   8.893229e-12   7.10e-03  
518      ft   -1.041963e-04  -1.041964e-04  3.662942e-11   3.52e-07  
518      fc   3.141937e-06   3.141885e-06   5.280611e-11   1.68e-05  
518      mt   -2.396834e-03  -2.396835e-03  8.158985e-10   3.40e-07  
518      mc   3.682822e-06   3.682806e-06   1.547151e-11   4.20e-06  
534      ft   1.409962e-05   1.409963e-05   1.705465e-11   1.21e-06  
534      fc   -7.310775e-06  -7.310788e-06  1.261364e-11   1.73e-06  
534      mt   -1.720382e-04  -1.720388e-04  5.995548e-10   3.49e-06  
534      mc   -4.741281e-06  -4.741298e-06  1.739940e-11   3.67e-06  
550      ft   3.232340e-04   3.232339e-04   2.782667e-11   8.61e-08  
550      fc   -8.763762e-03  -8.763762e-03  5.772084e-11   6.59e-09  
550      mt   -2.346727e-03  -2.346728e-03  1.777002e-10   7.57e-08  
550      mc   -2.387542e-03  -2.387542e-03  1.000976e-10   4.19e-08  
566      ft   -2.658704e-07  -2.658884e-07  1.804492e-11   6.79e-05  
566      fc   2.346518e-07   2.346279e-07   2.387941e-11   1.02e-04  
566      mt   -4.511915e-05  -4.511941e-05  2.631884e-10   5.83e-06  
566      mc   2.865506e-07   2.866113e-07   6.066198e-11   2.12e-04  
582      ft   2.878696e-05   2.878699e-05   3.092246e-11   1.07e-06  
582      fc   1.581417e-05   1.581422e-05   4.871850e-11   3.08e-06  
582      mt   8.596401e-05   8.596478e-05   7.734988e-10   9.00e-06  
582      mc   1.478687e-05   1.478688e-05   1.310925e-11   8.87e-07  
599      ft   1.620345e-03   1.620345e-03   7.185855e-11   4.43e-08  
599      fc   -4.898743e-03  -4.898743e-03  5.912698e-11   1.21e-08  
599      mt   -8.250758e-04  -8.250754e-04  4.203307e-10   5.09e-07  
599      mc   -1.793356e-03  -1.793356e-03  1.957152e-11   1.09e-08  
615      ft   2.083520e-07   2.083700e-07   1.802395e-11   8.65e-05  
615      fc   9.597345e-08   9.599488e-08   2.142625e-11   2.23e-04  
615      mt   -4.455204e-06  -4.455875e-06  6.711913e-10   1.51e-04  
615      mc   1.424242e-07   1.424344e-07   1.020823e-11   7.17e-05  
631      ft   1.293309e-04   1.293310e-04   3.283135e-11   2.54e-07  
631      fc   3.596314e-05   3.596313e-05   7.559294e-12   2.10e-07  
631      mt   7.964065e-04   7.964081e-04   1.610213e-09   2.02e-06  
631      mc   4.195821e-05   4.195824e-05   3.204190e-11   7.64e-07  
647      ft   2.687927e-04   2.687927e-04   3.685754e-11   1.37e-07  
647      fc   1.476344e-03   1.476344e-03   2.792510e-11   1.89e-08  
647      mt   -1.612273e-03  -1.612274e-03  1.394447e-09   8.65e-07  
647      mc   4.605545e-04   4.605546e-04   4.802353e-11   1.04e-07  
663      ft   9.662152e-07   9.661977e-07   1.747503e-11   1.81e-05  
663      fc   2.465838e-07   2.465278e-07   5.603883e-11   2.27e-04  
663      mt   5.170703e-07   5.171480e-07   7.770184e-11   1.50e-04  
663      mc   4.028473e-07   4.028528e-07   5.488736e-12   1.36e-05  
679      ft   1.776718e-03   1.776718e-03   1.587335e-10   8.93e-08  
679      fc   1.542117e-04   1.542117e-04   5.084530e-11   3.30e-07  
679      mt   -7.356250e-03  -7.356250e-03  3.425315e-10   4.66e-08  
679      mc   2.009312e-04   2.009313e-04   3.559932e-11   1.77e-07  
696      ft   -6.839740e-05  -6.839729e-05  1.124966e-10   1.64e-06  
696      fc   -2.415889e-05  -2.415891e-05  2.851338e-11   1.18e-06  
696      mt   -3.563672e-03  -3.563671e-03  7.395499e-10   2.08e-07  
696      mc   2.646787e-04   2.646787e-04   4.144194e-12   1.57e-08  
712      ft   5.701421e-06   5.701430e-06   9.347883e-12   1.64e-06  
712      fc   1.539653e-06   1.539672e-06   1.891809e-11   1.23e-05  
712      mt   -9.741567e-06  -9.741432e-06  1.350332e-10   1.39e-05  
712      mc   2.608259e-06   2.608275e-06   1.525662e-11   5.85e-06  
728      ft   8.309510e-04   8.309511e-04   1.069122e-10   1.29e-07  
728      fc   1.879120e-04   1.879120e-04   2.749208e-11   1.46e-07  
728      mt   1.980931e-03   1.980932e-03   1.002325e-09   5.06e-07  
728      mc   2.536461e-04   2.536461e-04   1.067391e-11   4.21e-08  
744      ft   -2.951239e-04  -2.951239e-04  2.222177e-11   7.53e-08  
744      fc   -3.522935e-04  -3.522934e-04  1.562579e-12   4.44e-09  
744      mt   -4.147753e-03  -4.147753e-03  5.222565e-10   1.26e-07  
744      mc   3.830144e-05   3.830140e-05   4.020327e-11   1.05e-06  
760      ft   2.355964e-05   2.355962e-05   2.008236e-11   8.52e-07  
760      fc   7.020098e-06   7.020113e-06   1.493088e-11   2.13e-06  
760      mt   -1.006657e-04  -1.006662e-04  4.684678e-10   4.65e-06  
760      mc   1.191325e-05   1.191322e-05   2.706180e-11   2.27e-06  
776      ft   -9.866406e-06  -9.866443e-06  3.668734e-11   3.72e-06  
776      fc   -1.133333e-04  -1.133333e-04  2.862456e-11   2.53e-07  
776      mt   -5.033722e-02  -5.033722e-02  7.216170e-10   1.43e-08  
776      mc   -1.681754e-04  -1.681755e-04  1.073206e-11   6.38e-08  
792      ft   -3.225239e-04  -3.225240e-04  1.922804e-11   5.96e-08  
792      fc   -3.016831e-04  -3.016831e-04  5.132191e-12   1.70e-08  
792      mt   6.176284e-04   6.176277e-04   6.683578e-10   1.08e-06  
792      mc   -2.391982e-04  -2.391982e-04  1.132795e-11   4.74e-08  
809      ft   5.750967e-05   5.750968e-05   7.039037e-12   1.22e-07  
809      fc   1.993365e-05   1.993357e-05   8.648513e-11   4.34e-06  
809      mt   -4.818355e-04  -4.818354e-04  1.125801e-10   2.34e-07  
809      mc   3.364663e-05   3.364657e-05   6.378839e-11   1.90e-06  
825      ft   -5.206386e-05  -5.206381e-05  4.820854e-11   9.26e-07  
825      fc   -2.934047e-05  -2.934045e-05  1.857061e-11   6.33e-07  
825      mt   -2.534021e-02  -2.534021e-02  2.695922e-10   1.06e-08  
825      mc   7.926335e-06   7.926341e-06   6.181292e-12   7.80e-07  
841      ft   -3.224477e-04  -3.224477e-04  9.826081e-12   3.05e-08  
841      fc   -1.877812e-04  -1.877811e-04  6.783437e-11   3.61e-07  
841      mt   2.431636e-03   2.431636e-03   7.610508e-11   3.13e-08  
841      mc   -2.718210e-04  -2.718210e-04  1.084711e-11   3.99e-08  
857      ft   8.112559e-05   8.112563e-05   4.417843e-11   5.45e-07  
857      fc   3.522348e-05   3.522345e-05   2.771516e-11   7.87e-07  
857      mt   -1.275725e-03  -1.275724e-03  4.874097e-10   3.82e-07  
857      mc   5.901678e-05   5.901673e-05   4.444385e-11   7.53e-07  
873      ft   3.826590e-04   3.826590e-04   1.675658e-11   4.38e-08  
873      fc   3.985418e-05   3.985417e-05   3.987208e-12   1.00e-07  
873      mt   -6.563852e-03  -6.563851e-03  3.483329e-10   5.31e-08  
873      mc   1.018516e-04   1.018516e-04   1.528871e-11   1.50e-07  
889      ft   -3.677759e-04  -3.677759e-04  6.183976e-11   1.68e-07  
889      fc   -2.007949e-05  -2.007954e-05  4.624779e-11   2.30e-06  
889      mt   4.888547e-03   4.888547e-03   4.527018e-10   9.26e-08  
889      mc   -2.459525e-04  -2.459525e-04  2.625481e-11   1.07e-07  
905      ft   7.875153e-05   7.875153e-05   5.977834e-12   7.59e-08  
905      fc   4.119981e-05   4.119982e-05   1.251831e-11   3.04e-07  
905      mt   -1.826046e-03  -1.826045e-03  3.663452e-10   2.01e-07  
905      mc   6.868206e-05   6.868208e-05   1.374815e-11   2.00e-07  
922      ft   3.156065e-04   3.156065e-04   6.548277e-12   2.07e-08  
922      fc   4.595709e-05   4.595712e-05   2.747801e-11   5.98e-07  
922      mt   -5.813858e-03  -5.813857e-03  1.751972e-10   3.01e-08  
922      mc   9.736782e-05   9.736788e-05   6.141177e-11   6.31e-07  
938      ft   -2.047290e-04  -2.047290e-04  4.690790e-11   2.29e-07  
938      fc   5.639981e-05   5.639978e-05   2.836666e-11   5.03e-07  
938      mt   3.476337e-03   3.476338e-03   4.735333e-10   1.36e-07  
938      mc   -1.052527e-04  -1.052527e-04  4.147936e-11   3.94e-07  
954      ft   5.595180e-05   5.595180e-05   8.218176e-12   1.47e-07  
954      fc   3.112215e-05   3.112213e-05   1.586343e-11   5.10e-07  
954      mt   -1.451642e-03  -1.451642e-03  4.957390e-10   3.42e-07  
954      mc   5.180235e-05   5.180233e-05   2.063244e-11   3.98e-07  
970      ft   6.280120e-05   6.280122e-05   1.485192e-11   2.36e-07  
970      fc   3.578881e-05   3.578884e-05   3.101295e-11   8.67e-07  
970      mt   -2.603880e-03  -2.603879e-03  7.092658e-10   2.72e-07  
970      mc   6.182353e-05   6.182349e-05   3.953608e-11   6.39e-07  
986      ft   -3.457867e-05  -3.457862e-05  4.452931e-11   1.29e-06  
986      fc   1.949837e-04   1.949837e-04   8.467362e-12   4.34e-08  
986      mt   5.013238e-03   5.013240e-03   1.272029e-09   2.54e-07  
986      mc   1.116708e-04   1.116707e-04   6.192483e-11   5.55e-07  
1002     ft   -2.275757e-03  -2.275757e-03  1.499824e-10   6.59e-08  
1002     fc   -1.025032e-04  -1.025033e-04  5.961222e-11   5.82e-07  
1002     mt   -5.219630e-03  -5.219633e-03  3.231509e-09   6.19e-07  
1002     mc   4.585360e-04   4.585359e-04   1.669082e-11   3.64e-08  
1019     ft   4.097383e-06   4.097264e-06   1.188164e-10   2.90e-05  
1019     fc   -5.276595e-05  -5.276596e-05  1.014855e-11   1.92e-07  
1019     mt   9.594052e-05   9.593974e-05   7.859621e-10   8.19e-06  
1019     mc   -5.188220e-05  -5.188225e-05  5.829061e-11   1.12e-06  
1035     ft   -2.732191e-05  -2.732203e-05  1.173242e-10   4.29e-06  
1035     fc   1.923680e-05   1.923693e-05   1.235552e-10   6.42e-06  
1035     mt   -1.359166e-04  -1.359161e-04  4.684899e-10   3.45e-06  
1035     mc   -2.744750e-05  -2.744764e-05  1.440569e-10   5.25e-06  
1051     ft   -1.234283e-04  -1.234283e-04  4.449030e-11   3.60e-07  
1051     fc   -2.472722e-04  -2.472723e-04  4.188408e-11   1.69e-07  
1051     mt   -3.110496e-04  -3.110490e-04  6.230476e-10   2.00e-06  
1051     mc   9.024547e-05   9.024557e-05   1.083940e-10   1.20e-06  
1067     ft   5.341616e-04   5.341617e-04   9.971994e-11   1.87e-07  
1067     fc   4.656013e-04   4.656012e-04   5.582205e-11   1.20e-07  
1067     mt   9.520671e-04   9.520675e-04   4.100393e-10   4.31e-07  
1067     mc   2.814030e-04   2.814031e-04   6.404983e-11   2.28e-07  
1083     ft   -1.522128e-03  -1.522128e-03  4.496832e-11   2.95e-08  
1083     fc   -7.000627e-04  -7.000627e-04  3.324287e-12   4.75e-09  
1083     mt   -4.267217e-03  -4.267217e-03  7.726425e-10   1.81e-07  
1083     mc   -7.415817e-04  -7.415818e-04  5.849233e-11   7.89e-08  
1099     ft   -3.308904e-06  -3.308750e-06  1.540423e-10   4.66e-05  
1099     fc   -5.210969e-05  -5.210972e-05  3.258760e-11   6.25e-07  
1099     mt   6.497200e-05   6.497388e-05   1.883634e-09   2.90e-05  
1099     mc   7.295125e-05   7.295122e-05   3.199102e-11   4.39e-07  
1115     ft   -1.993081e-04  -1.993081e-04  3.865215e-11   1.94e-07  
1115     fc   -5.900656e-04  -5.900656e-04  9.932034e-12   1.68e-08  
1115     mt   -1.315294e-03  -1.315294e-03  1.846408e-10   1.40e-07  
1115     mc   3.264647e-04   3.264648e-04   1.087754e-10   3.33e-07  
1132     ft   -3.994940e-04  -3.994940e-04  1.398248e-11   3.50e-08  
1132     fc   -2.153629e-03  -2.153629e-03  4.293044e-11   1.99e-08  
1132     mt   -4.008036e-06  -4.008178e-06  1.420799e-10   3.54e-05  
1132     mc   1.012662e-03   1.012662e-03   1.627445e-11   1.61e-08  
1148     ft   7.268737e-04   7.268735e-04   1.778457e-10   2.45e-07  
1148     fc   1.073795e-04   1.073794e-04   5.129297e-11   4.78e-07  
1148     mt   8.083703e-04   8.083688e-04   1.595333e-09   1.97e-06  
1148     mc   5.797233e-04   5.797232e-04   1.146976e-10   1.98e-07  
1164     ft   -1.383453e-03  -1.383453e-03  5.615732e-12   4.06e-09  
1164     fc   -1.100892e-03  -1.100892e-03  1.128933e-11   1.03e-08  
1164     mt   -3.990172e-03  -3.990173e-03  7.143578e-10   1.79e-07  
1164     mc   -9.311423e-04  -9.311424e-04  6.414329e-11   6.89e-08  
1180     ft   1.228481e-04   1.228483e-04   1.146293e-10   9.33e-07  
1180     fc   5.480261e-05   5.480287e-05   2.537576e-10   4.63e-06  
1180     mt   -1.323859e-04  -1.323862e-04  3.111277e-10   2.35e-06  
1180     mc   -4.813578e-04  -4.813574e-04  3.858516e-10   8.02e-07  
1196     ft   -4.688933e-03  -4.688932e-03  3.856859e-10   8.23e-08  
1196     fc   -4.830625e-04  -4.830623e-04  1.922151e-10   3.98e-07  
1196     mt   -4.715897e-03  -4.715896e-03  1.303527e-09   2.76e-07  
1196     mc   4.132703e-04   4.132706e-04   3.523263e-10   8.53e-07  
1212     ft   -1.453919e-03  -1.453919e-03  6.507751e-11   4.48e-08  
1212     fc   -3.672033e-04  -3.672029e-04  3.662519e-10   9.97e-07  
1212     mt   5.457300e-04   5.457303e-04   2.775020e-10   5.08e-07  
1212     mc   3.200228e-04   3.200230e-04   1.429386e-10   4.47e-07  
1229     ft   -2.647825e-03  -2.647825e-03  1.506527e-11   5.69e-09  
1229     fc   5.164112e-04   5.164110e-04   2.077428e-10   4.02e-07  
1229     mt   -5.083162e-03  -5.083161e-03  7.310169e-11   1.44e-08  
1229     mc   1.428325e-04   1.428326e-04   6.895011e-11   4.83e-07  
1245     ft   -7.070118e-04  -7.070119e-04  8.733139e-11   1.24e-07  
1245     fc   1.708518e-04   1.708514e-04   3.725106e-10   2.18e-06  
1245     mt   -5.584445e-03  -5.584446e-03  1.358749e-09   2.43e-07  
1245     mc   -5.076393e-04  -5.076394e-04  4.049083e-11   7.98e-08  
1261     ft   -1.661360e-05  -1.661340e-05  1.976627e-10   1.19e-05  
1261     fc   -1.023871e-04  -1.023867e-04  4.425095e-10   4.32e-06  
1261     mt   1.829449e-04   1.829454e-04   5.647347e-10   3.09e-06  
1261     mc   -1.326639e-04  -1.326636e-04  3.649606e-10   2.75e-06  
1277     ft   -1.984818e-03  -1.984818e-03  1.801096e-10   9.07e-08  
1277     fc   -5.796544e-03  -5.796544e-03  5.388814e-10   9.30e-08  
1277     mt   -1.365730e-03  -1.365730e-03  2.073746e-10   1.52e-07  
1277     mc   1.514685e-03   1.514685e-03   2.265113e-11   1.50e-08  
1293     ft   5.104482e-03   5.104482e-03   2.606653e-10   5.11e-08  
1293     fc   -1.225827e-02  -1.225827e-02  2.607232e-10   2.13e-08  
1293     mt   -3.645666e-03  -3.645666e-03  8.445873e-10   2.32e-07  
1293     mc   -1.632092e-04  -1.632090e-04  2.110622e-10   1.29e-06  
1309     ft   4.792991e-03   4.792990e-03   1.636386e-10   3.41e-08  
1309     fc   1.336844e-02   1.336844e-02   5.649393e-10   4.23e-08  
1309     mt   -5.564239e-06  -5.565624e-06  1.385409e-09   2.49e-04  
1309     mc   3.519382e-03   3.519382e-03   6.625851e-12   1.88e-09  
1325     ft   3.769771e-03   3.769772e-03   2.609603e-10   6.92e-08  
1325     fc   1.369181e-02   1.369181e-02   3.981795e-10   2.91e-08  
1325     mt   -4.206905e-03  -4.206903e-03  1.666302e-09   3.96e-07  
1325     mc   1.892022e-03   1.892023e-03   6.481206e-10   3.43e-07  
1342     ft   5.876000e-04   5.876000e-04   9.181713e-12   1.56e-08  
1342     fc   1.721972e-03   1.721973e-03   2.338906e-10   1.36e-07  
1342     mt   -4.502917e-04  -4.502909e-04  7.335214e-10   1.63e-06  
1342     mc   6.910794e-05   6.910787e-05   7.107812e-11   1.03e-06  
1358     ft   9.831812e-04   9.831810e-04   1.506444e-10   1.53e-07  
1358     fc   3.631616e-03   3.631617e-03   6.155327e-10   1.69e-07  
1358     mt   -6.603064e-04  -6.603053e-04  1.141619e-09   1.73e-06  
1358     mc   -2.546305e-03  -2.546305e-03  1.320364e-10   5.19e-08  
1374     ft   -9.326301e-03  -9.326301e-03  6.328431e-10   6.79e-08  
1374     fc   9.864326e-03   9.864325e-03   9.976838e-10   1.01e-07  
1374     mt   -2.841180e-04  -2.841197e-04  1.774232e-09   6.24e-06  
1374     mc   9.992455e-04   9.992448e-04   7.709207e-10   7.72e-07  
1390     ft   -3.233924e-03  -3.233924e-03  7.609872e-11   2.35e-08  
1390     fc   -9.044103e-03  -9.044103e-03  1.070460e-10   1.18e-08  
1390     mt   2.327858e-03   2.327859e-03   3.473659e-10   1.49e-07  
1390     mc   5.780367e-04   5.780370e-04   3.183129e-10   5.51e-07  
1406     ft   1.508292e-03   1.508292e-03   1.620419e-10   1.07e-07  
1406     fc   -1.766753e-04  -1.766755e-04  2.812243e-10   1.59e-06  
1406     mt   2.894960e-04   2.894951e-04   9.619002e-10   3.32e-06  
1406     mc   3.663258e-04   3.663258e-04   3.482452e-11   9.51e-08  
1422     ft   1.999914e-04   1.999914e-04   6.634039e-12   3.32e-08  
1422     fc   4.516043e-04   4.516041e-04   2.170007e-10   4.81e-07  
1422     mt   -1.267578e-04  -1.267581e-04  3.017453e-10   2.38e-06  
1422     mc   -8.587973e-05  -8.588009e-05  3.574486e-10   4.16e-06  
1438     ft   -3.351991e-04  -3.352002e-04  1.055131e-09   3.15e-06  
1438     fc   -7.923019e-04  -7.923024e-04  5.457245e-10   6.89e-07  
1438     mt   -2.570844e-04  -2.570881e-04  3.669984e-09   1.43e-05  
1438     mc   -1.104371e-03  -1.104373e-03  1.225055e-09   1.11e-06  
1455     ft   -6.243612e-05  -6.243663e-05  5.019273e-10   8.04e-06  
1455     fc   -1.917805e-03  -1.917806e-03  7.577992e-10   3.95e-07  
1455     mt   9.509271e-05   9.509116e-05   1.549174e-09   1.63e-05  
1455     mc   -3.594681e-03  -3.594682e-03  6.190468e-10   1.72e-07  
1471     ft   -2.556803e-03  -2.556804e-03  1.313878e-09   5.14e-07  
1471     fc   -3.263735e-03  -3.263737e-03  2.456598e-09   7.53e-07  
1471     mt   7.728517e-04   7.728484e-04   3.223393e-09   4.17e-06  
1471     mc   -9.916545e-04  -9.916567e-04  2.164476e-09   2.18e-06  
1487     ft   -1.807628e-03  -1.807628e-03  4.073973e-10   2.25e-07  
1487     fc   -3.440771e-03  -3.440770e-03  4.426225e-10   1.29e-07  
1487     mt   1.290394e-03   1.290395e-03   1.176158e-09   9.11e-07  
1487     mc   8.559086e-04   8.559089e-04   3.660142e-10   4.28e-07  
1503     ft   -2.922676e-05  -2.922611e-05  6.490655e-10   2.22e-05  
1503     fc   9.265049e-05   9.265178e-05   1.292076e-09   1.39e-05  
1503     mt   -1.637833e-04  -1.637822e-04  1.066221e-09   6.51e-06  
1503     mc   4.915916e-06   4.917519e-06   1.602853e-09   3.26e-04  
1519     ft   -1.295804e-04  -1.295799e-04  5.103702e-10   3.94e-06  
1519     fc   2.508907e-04   2.508917e-04   9.846620e-10   3.92e-06  
1519     mt   -1.806175e-05  -1.805997e-05  1.780192e-09   9.86e-05  
1519     mc   1.170724e-03   1.170725e-03   8.927660e-10   7.63e-07  
1535     ft   3.550592e-04   3.550592e-04   1.675854e-11   4.72e-08  
1535     fc   8.032836e-04   8.032837e-04   8.886310e-11   1.11e-07  
1535     mt   3.025863e-04   3.025852e-04   1.106453e-09   3.66e-06  
1535     mc   -2.592675e-03  -2.592675e-03  2.444828e-10   9.43e-08  
1552     ft   -4.008287e-04  -4.008289e-04  2.033971e-10   5.07e-07  
1552     fc   -1.485945e-03  -1.485945e-03  2.997843e-10   2.02e-07  
1552     mt   -7.693678e-04  -7.693689e-04  1.143574e-09   1.49e-06  
1552     mc   -9.576211e-04  -9.576216e-04  4.796582e-10   5.01e-07  
1568     ft   2.207312e-03   2.207311e-03   8.205224e-10   3.72e-07  
1568     fc   -1.398232e-04  -1.398242e-04  1.057005e-09   7.56e-06  
1568     mt   -2.500516e-03  -2.500519e-03  2.730486e-09   1.09e-06  
1568     mc   -4.905551e-04  -4.905563e-04  1.234588e-09   2.52e-06  
1584     ft   1.152276e-04   1.152293e-04   1.665136e-09   1.45e-05  
1584     fc   9.509526e-05   9.509804e-05   2.779491e-09   2.92e-05  
1584     mt   -1.456625e-04  -1.456566e-04  5.921140e-09   4.06e-05  
1584     mc   -9.479200e-05  -9.478811e-05  3.890560e-09   4.10e-05  
1600     ft   1.795970e-09   2.020606e-09   2.246363e-10   1.25e-01  
1600     fc   4.921634e-09   5.070944e-09   1.493096e-10   3.03e-02  
1600     mt   4.972854e-09   5.834222e-09   8.613682e-10   1.73e-01  
1600     mc   2.399596e-08   2.430667e-08   3.107099e-10   1.29e-02  

--- dc/dx: Compliance sensitivity w.r.t. density ---
Element AnalyticValue Numericvalue Abs.Err Rel.Err
1        -4.696784e+00  -4.696784e+00  3.899064e-07   8.30e-08  
17       -7.588764e+00  -7.588763e+00  5.397951e-07   7.11e-08  
33       -3.194571e+00  -3.194571e+00  9.732989e-08   3.05e-08  
49       -6.231212e-06  -6.503456e-06  2.722433e-07   4.37e-02  
66       -7.426633e+00  -7.426632e+00  1.112972e-06   1.50e-07  
82       -7.540756e+00  -7.540757e+00  9.901399e-07   1.31e-07  
98       -5.218779e-05  -5.126367e-05  9.241175e-07   1.77e-02  
114      -4.262609e+00  -4.262609e+00  2.876512e-07   6.75e-08  
130      -1.081231e+01  -1.081231e+01  6.388889e-07   5.91e-08  
146      -4.670023e-03  -4.670059e-03  3.602894e-08   7.71e-06  
163      -1.701872e+00  -1.701872e+00  2.998915e-07   1.76e-07  
179      -9.623884e+00  -9.623884e+00  2.423775e-07   2.52e-08  
195      -1.172182e-01  -1.172182e-01  2.466686e-08   2.10e-07  
211      -3.257249e-01  -3.257247e-01  1.941062e-07   5.96e-07  
227      -6.208131e+00  -6.208131e+00  1.485381e-07   2.39e-08  
243      -1.696504e+00  -1.696505e+00  3.932345e-07   2.32e-07  
259      -1.688898e-02  -1.688815e-02  8.261844e-07   4.89e-05  
276      -3.438948e+00  -3.438948e+00  1.057078e-07   3.07e-08  
292      -4.825194e+00  -4.825194e+00  3.840739e-08   7.96e-09  
308      -7.819869e-04  -7.810382e-04  9.487101e-07   1.21e-03  
324      -1.853393e+00  -1.853394e+00  7.433502e-07   4.01e-07  
340      -8.426007e+00  -8.426007e+00  8.892619e-08   1.06e-08  
356      -1.479403e-05  -1.392209e-05  8.719392e-07   5.89e-02  
372      -1.784915e+00  -1.784916e+00  4.270157e-07   2.39e-07  
389      -7.888356e+00  -7.888356e+00  7.498492e-07   9.51e-08  
405      -8.811817e-06  -9.429755e-06  6.179376e-07   7.01e-02  
421      -2.519559e+00  -2.519557e+00  1.380130e-06   5.48e-07  
437      -3.762955e+00  -3.762954e+00  7.038254e-07   1.87e-07  
453      -7.172295e-05  -7.196263e-05  2.396790e-07   3.34e-03  
469      -1.663619e+00  -1.663619e+00  1.890310e-07   1.14e-07  
486      -1.190092e+00  -1.190092e+00  2.889175e-07   2.43e-07  
502      -3.627149e-04  -3.622290e-04  4.858937e-07   1.34e-03  
518      -4.307427e-01  -4.307426e-01  1.546973e-07   3.59e-07  
534      -1.885641e-01  -1.885648e-01  6.631607e-07   3.52e-06  
550      -2.603625e+00  -2.603624e+00  9.626599e-07   3.70e-07  
566      -1.352991e-02  -1.353042e-02  5.094701e-07   3.77e-05  
582      -3.835003e-01  -3.835002e-01  9.409887e-09   2.45e-08  
599      -4.346215e+00  -4.346215e+00  8.196831e-08   1.89e-08  
615      -5.276614e-03  -5.275332e-03  1.281652e-06   2.43e-04  
631      -8.342770e-01  -8.342765e-01  5.584714e-07   6.69e-07  
647      -4.372292e+00  -4.372291e+00  1.419364e-06   3.25e-07  
663      -3.283478e-02  -3.283528e-02  4.983219e-07   1.52e-05  
679      -3.590512e+00  -3.590512e+00  3.884662e-07   1.08e-07  
696      -5.285794e+00  -5.285796e+00  1.478261e-06   2.80e-07  
712      -2.721073e-01  -2.721067e-01  6.183199e-07   2.27e-06  
728      -3.109528e+00  -3.109528e+00  4.709372e-07   1.51e-07  
744      -7.865987e+00  -7.865987e+00  2.186974e-07   2.78e-08  
760      -1.310324e+00  -1.310324e+00  1.373512e-07   1.05e-07  
776      -1.615333e+00  -1.615333e+00  6.912956e-08   4.28e-08  
792      -6.710986e+00  -6.710986e+00  1.374345e-07   2.05e-08  
809      -3.248039e+00  -3.248040e+00  8.619454e-07   2.65e-07  
825      -1.184555e+00  -1.184555e+00  3.495888e-07   2.95e-07  
841      -5.557355e+00  -5.557355e+00  9.027906e-08   1.62e-08  
857      -5.330385e+00  -5.330385e+00  2.234870e-07   4.19e-08  
873      -2.957887e+00  -2.957887e+00  9.700907e-08   3.28e-08  
889      -4.200728e+00  -4.200727e+00  4.878170e-07   1.16e-07  
905      -6.677925e+00  -6.677927e+00  1.156533e-06   1.73e-07  
922      -5.255190e+00  -5.255190e+00  3.355786e-07   6.39e-08  
938      -2.757356e+00  -2.757356e+00  5.955211e-07   2.16e-07  
954      -5.968368e+00  -5.968368e+00  3.033508e-07   5.08e-08  
970      -4.944248e+00  -4.944246e+00  1.374383e-06   2.78e-07  
986      -2.896347e+00  -2.896346e+00  4.278795e-07   1.48e-07  
1002     -2.756175e+00  -2.756174e+00  1.132927e-06   4.11e-07  
1019     -2.930402e+00  -2.930401e+00  9.220726e-07   3.15e-07  
1035     -6.081289e-01  -6.081277e-01  1.236120e-06   2.03e-06  
1051     -1.391685e+00  -1.391684e+00  5.959530e-07   4.28e-07  
1067     -3.732234e+00  -3.732233e+00  7.031677e-07   1.88e-07  
1083     -6.382930e+00  -6.382930e+00  1.721973e-07   2.70e-08  
1099     -2.749483e+00  -2.749482e+00  8.782322e-07   3.19e-07  
1115     -3.196746e+00  -3.196745e+00  1.055454e-06   3.30e-07  
1132     -6.203872e+00  -6.203870e+00  1.303306e-06   2.10e-07  
1148     -2.871342e+00  -2.871341e+00  1.476263e-06   5.14e-07  
1164     -2.349341e+00  -2.349341e+00  2.039960e-08   8.68e-09  
1180     -3.031492e+00  -3.031491e+00  7.078045e-07   2.33e-07  
1196     -3.891389e+00  -3.891389e+00  2.985053e-07   7.67e-08  
1212     -3.873698e+00  -3.873699e+00  5.026484e-07   1.30e-07  
1229     -2.631653e+00  -2.631654e+00  6.212229e-07   2.36e-07  
1245     -2.965558e+00  -2.965558e+00  1.474682e-07   4.97e-08  
1261     -6.000406e-01  -6.000405e-01  6.622474e-08   1.10e-07  
1277     -4.721727e+00  -4.721727e+00  2.283326e-07   4.84e-08  
1293     -5.168851e+00  -5.168851e+00  6.371768e-07   1.23e-07  
1309     -5.843571e+00  -5.843571e+00  1.798895e-07   3.08e-08  
1325     -6.248481e+00  -6.248481e+00  2.696813e-07   4.32e-08  
1342     -1.696513e+00  -1.696512e+00  8.291430e-07   4.89e-07  
1358     -8.337106e+00  -8.337107e+00  9.150602e-07   1.10e-07  
1374     -3.962344e+00  -3.962344e+00  8.028608e-08   2.03e-08  
1390     -5.754653e+00  -5.754653e+00  5.745404e-07   9.98e-08  
1406     -5.091400e+00  -5.091398e+00  1.944556e-06   3.82e-07  
1422     -4.420509e-01  -4.420496e-01  1.239491e-06   2.80e-06  
1438     -6.663624e+00  -6.663622e+00  2.077959e-06   3.12e-07  
1455     -7.679438e+00  -7.679437e+00  1.308716e-06   1.70e-07  
1471     -4.767902e+00  -4.767902e+00  1.753492e-07   3.68e-08  
1487     -6.007162e+00  -6.007160e+00  2.101197e-06   3.50e-07  
1503     -6.274314e-01  -6.274306e-01  8.356706e-07   1.33e-06  
1519     -4.488942e-01  -4.488930e-01  1.253425e-06   2.79e-06  
1535     -3.834250e+00  -3.834248e+00  1.182204e-06   3.08e-07  
1552     -7.068445e+00  -7.068444e+00  6.199793e-07   8.77e-08  
1568     -6.262717e+00  -6.262717e+00  4.685706e-08   7.48e-09  
1584     -5.363332e+00  -5.363330e+00  1.809387e-06   3.37e-07  
1600     -1.680421e-04  -1.670077e-04  1.034381e-06   6.16e-03  

--- dc/dtheta: Compliance sensitivity w.r.t. fibre angle ---
Element AnalyticValue Numericvalue Abs.Err Rel.Err
1        3.053591e-01   3.053594e-01   2.981038e-07   9.76e-07  
17       1.561713e-01   1.561711e-01   2.129699e-07   1.36e-06  
33       -2.327336e-01  -2.327343e-01  6.747521e-07   2.90e-06  
49       -1.807287e-08  -2.142997e-07  1.962268e-07   1.09e+01  
66       1.918211e-01   1.918211e-01   9.047472e-09   4.72e-08  
82       -4.992261e-01  -4.992272e-01  1.061182e-06   2.13e-06  
98       -6.991761e-07  -2.779643e-07  4.212118e-07   6.02e-01  
114      1.451101e-01   1.451098e-01   2.540518e-07   1.75e-06  
130      -7.282944e-01  -7.282950e-01  5.660606e-07   7.77e-07  
146      -2.718765e-04  -2.726580e-04  7.814434e-07   2.87e-03  
163      6.556247e-02   6.556207e-02   3.956318e-07   6.03e-06  
179      -5.993406e-01  -5.993391e-01  1.427390e-06   2.38e-06  
195      -4.885128e-03  -4.884703e-03  4.257024e-07   8.71e-05  
211      7.700789e-03   7.699982e-03   8.076570e-07   1.05e-04  
227      -1.816964e-01  -1.816966e-01  1.550163e-07   8.53e-07  
243      -1.945348e-02  -1.945279e-02  6.968918e-07   3.58e-05  
259      -4.555158e-04  -4.552908e-04  2.250658e-07   4.94e-04  
276      4.677903e-02   4.677953e-02   5.059508e-07   1.08e-05  
292      -6.657861e-02  -6.657779e-02  8.131642e-07   1.22e-05  
308      -1.732288e-05  -1.818080e-05  8.579210e-07   4.95e-02  
324      1.630561e-01   1.630564e-01   3.701624e-07   2.27e-06  
340      -4.568989e-01  -4.568987e-01  1.615296e-07   3.54e-07  
356      -5.299291e-08  1.045919e-06   1.098912e-06   2.07e+01  
372      2.646531e-02   2.646436e-02   9.505510e-07   3.59e-05  
389      -6.346374e-01  -6.346388e-01  1.373116e-06   2.16e-06  
405      1.934484e-08   -7.122480e-07  7.315929e-07   3.78e+01  
421      -2.046156e-01  -2.046160e-01  3.864348e-07   1.89e-06  
437      -2.936164e-01  -2.936157e-01  6.495595e-07   2.21e-06  
453      -1.628860e-07  -1.330136e-06  1.167250e-06   7.17e+00  
469      -2.144410e-01  -2.144405e-01  5.277042e-07   2.46e-06  
486      -8.418006e-02  -8.417852e-02  1.536815e-06   1.83e-05  
502      -4.158663e-06  -3.570335e-06  5.883280e-07   1.41e-01  
518      -4.990195e-02  -4.990132e-02  6.370116e-07   1.28e-05  
534      -7.642309e-03  -7.642013e-03  2.965706e-07   3.88e-05  
550      -7.057342e-01  -7.057341e-01  1.869769e-07   2.65e-07  
566      -1.003782e-03  -1.002803e-03  9.798016e-07   9.76e-04  
582      3.000135e-02   3.000049e-02   8.582917e-07   2.86e-05  
599      -4.170905e-01  -4.170903e-01  2.759047e-07   6.61e-07  
615      2.486703e-06   3.194600e-06   7.078972e-07   2.85e-01  
631      8.000897e-02   8.001018e-02   1.208093e-06   1.51e-05  
647      6.617443e-02   6.617369e-02   7.375873e-07   1.11e-05  
663      6.922356e-04   6.923227e-04   8.707442e-08   1.26e-04  
679      4.024159e-01   4.024163e-01   3.977577e-07   9.88e-07  
696      -3.914026e-02  -3.914035e-02  8.299083e-08   2.12e-06  
712      5.225409e-03   5.224894e-03   5.158699e-07   9.87e-05  
728      4.907885e-01   4.907878e-01   7.027175e-07   1.43e-06  
744      -1.012178e-01  -1.012187e-01  8.709123e-07   8.60e-06  
760      2.901949e-02   2.902084e-02   1.343423e-06   4.63e-05  
776      -3.786122e-01  -3.786118e-01  4.546454e-07   1.20e-06  
792      -2.321255e-01  -2.321248e-01  6.497404e-07   2.80e-06  
809      8.092927e-02   8.092917e-02   9.872818e-08   1.22e-06  
825      -1.102623e-01  -1.102624e-01  4.519168e-08   4.10e-07  
841      -2.381907e-01  -2.381910e-01  3.210312e-07   1.35e-06  
857      1.340733e-01   1.340730e-01   2.965184e-07   2.21e-06  
873      3.710665e-01   3.710666e-01   5.522344e-08   1.49e-07  
889      -3.103735e-01  -3.103735e-01  1.258691e-08   4.06e-08  
905      1.473118e-01   1.473118e-01   3.740017e-08   2.54e-07  
922      2.490005e-01   2.490015e-01   9.428339e-07   3.79e-06  
938      -2.544703e-01  -2.544710e-01  7.120652e-07   2.80e-06  
954      9.365628e-02   9.365645e-02   1.735099e-07   1.85e-06  
970      5.337665e-02   5.337548e-02   1.171585e-06   2.19e-05  
986      -3.236855e-01  -3.236852e-01  3.327392e-07   1.03e-06  
1002     -3.110731e-01  -3.110727e-01  3.921144e-07   1.26e-06  
1019     8.586923e-03   8.586325e-03   5.983127e-07   6.97e-05  
1035     -9.872632e-03  -9.874560e-03  1.928497e-06   1.95e-04  
1051     -3.998333e-02  -3.998289e-02  4.423450e-07   1.11e-05  
1067     4.671405e-01   4.671396e-01   8.548535e-07   1.83e-06  
1083     -2.537187e-01  -2.537187e-01  7.454946e-08   2.94e-07  
1099     -1.069835e-02  -1.069977e-02  1.420452e-06   1.33e-04  
1115     -2.139308e-02  -2.139276e-02  3.247212e-07   1.52e-05  
1132     1.374195e-01   1.374186e-01   9.174067e-07   6.68e-06  
1148     4.894143e-02   4.894083e-02   5.992215e-07   1.22e-05  
1164     -9.227512e-01  -9.227511e-01  1.265767e-07   1.37e-07  
1180     5.819100e-02   5.819266e-02   1.658568e-06   2.85e-05  
1196     -1.578295e-01  -1.578269e-01  2.631332e-06   1.67e-05  
1212     -1.088950e-01  -1.088945e-01  5.247464e-07   4.82e-06  
1229     1.260580e-04   1.262435e-04   1.855546e-07   1.47e-03  
1245     -1.002074e+00  -1.002073e+00  7.707408e-07   7.69e-07  
1261     -1.919904e-02  -1.919896e-02  8.011499e-08   4.17e-06  
1277     3.358737e-01   3.358742e-01   5.633969e-07   1.68e-06  
1293     5.338027e-01   5.338050e-01   2.353201e-06   4.41e-06  
1309     5.109031e-01   5.109028e-01   2.691065e-07   5.27e-07  
1325     -2.974797e-01  -2.974813e-01  1.586935e-06   5.33e-06  
1342     -3.106252e-02  -3.106205e-02  4.727293e-07   1.52e-05  
1358     1.749944e-01   1.749943e-01   6.288716e-08   3.59e-07  
1374     -1.863083e-01  -1.863100e-01  1.687215e-06   9.06e-06  
1390     -4.199834e-01  -4.199825e-01  9.324740e-07   2.22e-06  
1406     -6.362835e-01  -6.362846e-01  1.140443e-06   1.79e-06  
1422     -4.569454e-02  -4.569495e-02  4.113509e-07   9.00e-06  
1438     8.899882e-02   8.899695e-02   1.864284e-06   2.09e-05  
1455     -1.320504e-02  -1.320628e-02  1.244205e-06   9.42e-05  
1471     -2.375564e-01  -2.375600e-01  3.615270e-06   1.52e-05  
1487     -7.351507e-01  -7.351496e-01  1.159071e-06   1.58e-06  
1503     -3.011524e-02  -3.011301e-02  2.232070e-06   7.41e-05  
1519     5.120183e-02   5.120255e-02   7.200302e-07   1.41e-05  
1535     -3.970650e-02  -3.970467e-02  1.836218e-06   4.62e-05  
1552     1.380182e-02   1.380025e-02   1.569994e-06   1.14e-04  
1568     3.438177e-01   3.438157e-01   1.986965e-06   5.78e-06  
1584     -1.176821e-01  -1.176776e-01  4.541707e-06   3.86e-05  
1600     2.776092e-06   2.974616e-06   1.985246e-07   7.15e-02  
