\n--- dgtw/dx: Hashin sensitivity w.r.t. density ---\n
Element   Analytic value Numeric value Abs. err       Rel. err\n
1        -2.483093e-03  -1.601490e-03  8.816025e-04   3.55e-01  
338      1.693099e-05   8.323087e-05   6.629987e-05   3.92e+00  
675      -2.959002e-04  -2.955300e-04  3.701964e-07   1.25e-03  
1011     -1.281650e-04  -1.279762e-04  1.888115e-07   1.47e-03  
1348     -1.038659e-03  -1.038413e-03  2.463647e-07   2.37e-04  
1685     -1.556572e-03  -1.556542e-03  3.024070e-08   1.94e-05  
2022     -6.978248e-04  -6.976504e-04  1.744211e-07   2.50e-04  
2359     4.354330e-04   4.356844e-04   2.513288e-07   5.77e-04  
2695     -3.046432e-03  -3.106423e-03  5.999112e-05   1.97e-02  
3032     -8.409605e-04  -8.405782e-04  3.823625e-07   4.55e-04  
3369     5.163149e-04   5.159381e-04   3.768069e-07   7.30e-04  
3706     1.365087e-03   1.545213e-03   1.801257e-04   1.32e-01  
4042     -1.587759e-02  -1.317620e-02  2.701397e-03   1.70e-01  
4379     -1.046495e-03  -1.046334e-03  1.607796e-07   1.54e-04  
4716     -1.561116e-03  -1.723785e-03  1.626696e-04   1.04e-01  
5053     -1.318059e-03  -1.317938e-03  1.206447e-07   9.15e-05  
5390     -2.190062e-04  -2.189930e-04  1.313430e-08   6.00e-05  
5726     -1.747102e-03  -1.796958e-03  4.985588e-05   2.85e-02  
6063     -7.764457e-04  -7.760239e-04  4.217425e-07   5.43e-04  
6400     -1.291868e-05  -5.232592e-06  7.686084e-06   5.95e-01  
\n--- dgh/dtheta: Hashin sensitivity w.r.t. fibre angle ---\n
1        -1.966202e-04  -1.507472e-04  4.587304e-05   2.33e-01  
338      -1.512802e-05  5.252399e-05   6.765201e-05   4.47e+00  
675      -1.071960e-04  -1.075697e-04  3.737139e-07   3.49e-03  
1011     -8.832884e-05  -8.817047e-05  1.583649e-07   1.79e-03  
1348     2.196632e-05   2.203515e-05   6.883074e-08   3.13e-03  
1685     -3.160844e-04  -3.158424e-04  2.420373e-07   7.66e-04  
2022     -2.231171e-04  -2.230622e-04  5.484008e-08   2.46e-04  
2359     3.650073e-04   3.649623e-04   4.503740e-08   1.23e-04  
2695     1.021600e-04   1.023879e-04   2.278509e-07   2.23e-03  
3032     -1.489505e-05  -1.502376e-05  1.287082e-07   8.64e-03  
3369     5.862459e-04   5.865588e-04   3.129133e-07   5.34e-04  
3706     -7.123715e-06  -1.301648e-05  5.892762e-06   8.27e-01  
4042     -3.177506e-03  -3.193960e-03  1.645394e-05   5.18e-03  
4379     -2.810615e-04  -2.808006e-04  2.609167e-07   9.28e-04  
4716     1.085472e-05   1.073719e-05   1.175305e-07   1.08e-02  
5053     -3.151411e-04  -3.147929e-04  3.482488e-07   1.11e-03  
5390     -6.954313e-05  -6.967205e-05  1.289122e-07   1.85e-03  
5726     -3.457289e-04  -3.565589e-04  1.082996e-05   3.13e-02  
6063     -5.506443e-05  -5.632239e-05  1.257959e-06   2.28e-02  
6400     1.798868e-06   6.195044e-07   1.179364e-06   6.56e-01  
\n--- dc/dx: Compliance sensitivity w.r.t. density ---\n
1        -7.938660e+00  -4.944284e+00  2.994376e+00   3.77e-01  
338      -6.040627e+00  -7.445057e+00  1.404430e+00   2.32e-01  
675      -1.206706e+00  -1.204965e+00  1.741551e-03   1.44e-03  
1011     -9.801465e-01  -9.801585e-01  1.198071e-05   1.22e-05  
1348     -1.482384e+00  -1.481787e+00  5.968421e-04   4.03e-04  
1685     -1.060853e+00  -1.060195e+00  6.582188e-04   6.20e-04  
2022     -5.945520e-01  -5.946745e-01  1.224650e-04   2.06e-04  
2359     -1.346336e+00  -1.345146e+00  1.189095e-03   8.83e-04  
2695     -1.387038e+00  -1.413443e+00  2.640546e-02   1.90e-02  
3032     -5.939601e+00  -5.938859e+00  7.425801e-04   1.25e-04  
3369     -1.442017e+00  -1.442708e+00  6.910439e-04   4.79e-04  
3706     -8.527241e+00  -9.359935e+00  8.326935e-01   9.77e-02  
4042     -1.493338e+00  -1.467754e+00  2.558368e-02   1.71e-02  
4379     -4.415502e-01  -4.400080e-01  1.542232e-03   3.49e-03  
4716     -1.067154e+00  -1.184757e+00  1.176025e-01   1.10e-01  
5053     -3.081441e-01  -3.075820e-01  5.620889e-04   1.82e-03  
5390     -7.139665e-01  -7.142891e-01  3.225872e-04   4.52e-04  
5726     -1.852559e-01  -1.883591e-01  3.103132e-03   1.68e-02  
6063     -5.578924e-01  -5.574080e-01  4.843123e-04   8.68e-04  
6400     -1.844419e-03  -2.027036e-04  1.641716e-03   8.90e-01  
\n--- dc/dtheta: Compliance sensitivity w.r.t. fibre angle ---\n
1        -1.230662e-01  -9.158612e-02  3.148010e-02   2.56e-01  
338      -2.884899e-02  1.363117e-02   4.248016e-02   1.47e+00  
675      -3.105609e-01  -3.122835e-01  1.722611e-03   5.55e-03  
1011     -1.311357e-02  -1.402145e-02  9.078856e-04   6.92e-02  
1348     -2.639061e-01  -2.644988e-01  5.927402e-04   2.25e-03  
1685     -3.610665e-01  -3.597740e-01  1.292428e-03   3.58e-03  
2022     -5.852054e-02  -5.693084e-02  1.589691e-03   2.72e-02  
2359     3.318228e-01   3.324872e-01   6.644054e-04   2.00e-03  
2695     -2.769193e-02  -2.795173e-02  2.597955e-04   9.38e-03  
3032     2.764044e-01   2.755537e-01   8.507294e-04   3.08e-03  
3369     3.178216e-01   3.181251e-01   3.035156e-04   9.55e-04  
3706     -2.761249e-01  -3.370770e-01  6.095213e-02   2.21e-01  
4042     -8.754358e-02  -1.046628e-01  1.711926e-02   1.96e-01  
4379     -6.249298e-02  -6.192784e-02  5.651461e-04   9.04e-03  
4716     5.382629e-03   7.713993e-03   2.331364e-03   4.33e-01  
5053     -7.560226e-02  -7.415872e-02  1.443541e-03   1.91e-02  
5390     -1.581747e-02  -1.631918e-02  5.017025e-04   3.17e-02  
5726     -5.609884e-03  -7.857693e-03  2.247809e-03   4.01e-01  
6063     1.099828e-01   1.076103e-01   2.372488e-03   2.16e-02  
6400     2.548048e-04   -7.763674e-04  1.031172e-03   4.05e+00  
