\n--- dgtw/dx: Hashin sensitivity w.r.t. density ---\n
ElementAnalytic valueNumeric valueAbs. errRel. err\n
1        -2.483093e-03  -1.601413e-03  8.816798e-04   3.55e-01  
338      1.693099e-05   8.320017e-05   6.626918e-05   3.91e+00  
675      -2.959002e-04  -2.959336e-04  3.335855e-08   1.13e-04  
1011     -1.281650e-04  -1.281783e-04  1.331566e-08   1.04e-04  
1348     -1.038659e-03  -1.038709e-03  4.952086e-08   4.77e-05  
1685     -1.556572e-03  -1.556593e-03  2.027444e-08   1.30e-05  
2022     -6.978248e-04  -6.978595e-04  3.470056e-08   4.97e-05  
2359     4.354330e-04   4.354271e-04   5.943180e-09   1.36e-05  
2695     -3.046432e-03  -3.106462e-03  6.003004e-05   1.97e-02  
3032     -8.409605e-04  -8.409420e-04  1.852017e-08   2.20e-05  
3369     5.163149e-04   5.162903e-04   2.459977e-08   4.76e-05  
3706     1.365087e-03   1.544805e-03   1.797182e-04   1.32e-01  
4042     -1.587759e-02  -1.317601e-02  2.701580e-03   1.70e-01  
4379     -1.046495e-03  -1.046535e-03  3.980442e-08   3.80e-05  
4716     -1.561116e-03  -1.723456e-03  1.623399e-04   1.04e-01  
5053     -1.318059e-03  -1.318050e-03  9.133876e-09   6.93e-06  
5390     -2.190062e-04  -2.190598e-04  5.362341e-08   2.45e-04  
5726     -1.747102e-03  -1.796610e-03  4.950841e-05   2.83e-02  
6063     -7.764457e-04  -7.764943e-04  4.867009e-08   6.27e-05  
6400     -1.291868e-05  -5.057299e-06  7.861377e-06   6.09e-01  
\n--- dgh/dtheta: Hashin sensitivity w.r.t. fibre angle ---\n
1        -1.966202e-04  -1.506784e-04  4.594186e-05   2.34e-01  
338      -1.512802e-05  5.245216e-05   6.758019e-05   4.47e+00  
675      -1.071960e-04  -1.071974e-04  1.389528e-09   1.30e-05  
1011     -8.832884e-05  -8.831079e-05  1.804380e-08   2.04e-04  
1348     2.196632e-05   2.195090e-05   1.542408e-08   7.02e-04  
1685     -3.160844e-04  -3.161039e-04  1.952010e-08   6.18e-05  
2022     -2.231171e-04  -2.231418e-04  2.470740e-08   1.11e-04  
2359     3.650073e-04   3.650597e-04   5.241798e-08   1.44e-04  
2695     1.021600e-04   1.023951e-04   2.350785e-07   2.30e-03  
3032     -1.489505e-05  -1.490920e-05  1.414426e-08   9.50e-04  
3369     5.862459e-04   5.862619e-04   1.598412e-08   2.73e-05  
3706     -7.123715e-06  -1.300778e-05  5.884069e-06   8.26e-01  
4042     -3.177506e-03  -3.194205e-03  1.669862e-05   5.26e-03  
4379     -2.810615e-04  -2.811079e-04  4.633756e-08   1.65e-04  
4716     1.085472e-05   1.008796e-05   7.667556e-07   7.06e-02  
5053     -3.151411e-04  -3.151939e-04  5.281925e-08   1.68e-04  
5390     -6.954313e-05  -6.954747e-05  4.334049e-09   6.23e-05  
5726     -3.457289e-04  -3.558994e-04  1.017048e-05   2.94e-02  
6063     -5.506443e-05  -5.519436e-05  1.299284e-07   2.36e-03  
6400     1.798868e-06   7.748691e-07   1.023999e-06   5.69e-01  
\n--- dc/dx: Compliance sensitivity w.r.t. density ---\n
1        -7.938660e+00  -4.944140e+00  2.994520e+00   3.77e-01  
338      -6.040627e+00  -7.446154e+00  1.405527e+00   2.33e-01  
675      -1.206706e+00  -1.206793e+00  8.692001e-05   7.20e-05  
1011     -9.801465e-01  -9.802550e-01  1.085691e-04   1.11e-04  
1348     -1.482384e+00  -1.482436e+00  5.162758e-05   3.48e-05  
1685     -1.060853e+00  -1.060817e+00  3.646550e-05   3.44e-05  
2022     -5.945520e-01  -5.944816e-01  7.039337e-05   1.18e-04  
2359     -1.346336e+00  -1.346235e+00  1.001341e-04   7.44e-05  
2695     -1.387038e+00  -1.413149e+00  2.611133e-02   1.88e-02  
3032     -5.939601e+00  -5.939627e+00  2.553361e-05   4.30e-06  
3369     -1.442017e+00  -1.442116e+00  9.990644e-05   6.93e-05  
3706     -8.527241e+00  -9.360990e+00  8.337491e-01   9.78e-02  
4042     -1.493338e+00  -1.467626e+00  2.571159e-02   1.72e-02  
4379     -4.415502e-01  -4.416419e-01  9.169748e-05   2.08e-04  
4716     -1.067154e+00  -1.184500e+00  1.173455e-01   1.10e-01  
5053     -3.081441e-01  -3.083134e-01  1.692585e-04   5.49e-04  
5390     -7.139665e-01  -7.140050e-01  3.857471e-05   5.40e-05  
5726     -1.852559e-01  -1.884149e-01  3.158998e-03   1.71e-02  
6063     -5.578924e-01  -5.580298e-01  1.374069e-04   2.46e-04  
6400     -1.844419e-03  -9.065730e-04  9.378464e-04   5.08e-01  
\n--- dc/dtheta: Compliance sensitivity w.r.t. fibre angle ---\n
1        -1.230662e-01  -9.115322e-02  3.191300e-02   2.59e-01  
338      -2.884899e-02  1.368385e-02   4.253284e-02   1.47e+00  
675      -3.105609e-01  -3.104799e-01  8.105332e-05   2.61e-04  
1011     -1.311357e-02  -1.310276e-02  1.080639e-05   8.24e-04  
1348     -2.639061e-01  -2.638727e-01  3.335592e-05   1.26e-04  
1685     -3.610665e-01  -3.611963e-01  1.298511e-04   3.60e-04  
2022     -5.852054e-02  -5.877259e-02  2.520583e-04   4.31e-03  
2359     3.318228e-01   3.319920e-01   1.692311e-04   5.10e-04  
2695     -2.769193e-02  -2.817710e-02  4.851683e-04   1.75e-02  
3032     2.764044e-01   2.764344e-01   2.992298e-05   1.08e-04  
3369     3.178216e-01   3.179117e-01   9.013678e-05   2.84e-04  
3706     -2.761249e-01  -3.383170e-01  6.219214e-02   2.25e-01  
4042     -8.754358e-02  -1.053556e-01  1.781200e-02   2.03e-01  
4379     -6.249298e-02  -6.253581e-02  4.282841e-05   6.85e-04  
4716     5.382629e-03   5.779248e-03   3.966188e-04   7.37e-02  
5053     -7.560226e-02  -7.587441e-02  2.721522e-04   3.60e-03  
5390     -1.581747e-02  -1.587604e-02  5.856261e-05   3.70e-03  
5726     -5.609884e-03  -5.944582e-03  3.346981e-04   5.97e-02  
6063     1.099828e-01   1.097852e-01   1.975791e-04   1.80e-03  
6400     2.548048e-04   3.246896e-04   6.988477e-05   2.74e-01  
