bc_xy = [2, 16];

nodes_trac = [96,     130,     131,     132,     133,     134, ...
     135,     136,     137,     138,     139,     140, ...
     141,     142,     143,     144,     145,     146, ...
     147,];