
h=

1.000000e-03

--- dgtw/dx: Hashin sensitivity w.r.t. density ---
Element AnalyticValue Numericvalue Abs.Err Rel.Err
1        -2.739514e-02  -2.658494e-02  8.101992e-04   2.96e-02  
115      -2.263777e-03  -2.263781e-03  3.969073e-09   1.75e-06  
229      -3.124535e-03  -3.124548e-03  1.284205e-08   4.11e-06  
344      -3.818052e-04  -3.818028e-04  2.442779e-09   6.40e-06  
458      -4.641895e-04  -4.642040e-04  1.450369e-08   3.12e-05  
572      -3.352892e-03  -3.352911e-03  1.920320e-08   5.73e-06  
686      -5.950491e-03  -5.950651e-03  1.599748e-07   2.69e-05  
801      -4.033985e-05  -3.847881e-05  1.861040e-06   4.61e-02  
915      4.247766e-05   4.272562e-05   2.479620e-07   5.84e-03  
1029     8.905874e-04   8.905854e-04   2.024733e-09   2.27e-06  
1143     -2.836371e-03  -2.836384e-03  1.303554e-08   4.60e-06  
1257     1.400571e-03   1.400570e-03   6.473667e-10   4.62e-07  
1372     -1.751256e-03  -1.751264e-03  7.402121e-09   4.23e-06  
1486     -1.521228e-03  -1.521234e-03  5.459753e-09   3.59e-06  
1600     7.150767e-08   7.010836e-08   1.399309e-09   1.96e-02  

--- dgh/dtheta: Hashin sensitivity w.r.t. fibre angle ---
Element AnalyticValue Numericvalue Abs.Err Rel.Err
1        -1.917427e-02  -1.885074e-02  3.235288e-04   1.69e-02  
115      7.809631e-05   7.809599e-05   3.156462e-10   4.04e-06  
229      -4.404642e-05  -4.404373e-05  2.693111e-09   6.11e-05  
344      -3.903531e-05  -3.903528e-05  2.612431e-11   6.69e-07  
458      2.676368e-04   2.676379e-04   1.081950e-09   4.04e-06  
572      -2.606205e-04  -2.606138e-04  6.673191e-09   2.56e-05  
686      -6.741688e-04  -6.741381e-04  3.070055e-08   4.55e-05  
801      -8.456536e-06  -8.184007e-06  2.725285e-07   3.22e-02  
915      2.435978e-06   2.433316e-06   2.661937e-09   1.09e-03  
1029     -9.126261e-05  -9.126252e-05  8.988810e-11   9.85e-07  
1143     1.832361e-03   1.832364e-03   2.788283e-09   1.52e-06  
1257     5.467225e-05   5.467210e-05   1.545124e-10   2.83e-06  
1372     9.343739e-05   9.343588e-05   1.511702e-09   1.62e-05  
1486     -4.709842e-05  -4.710010e-05  1.678335e-09   3.56e-05  
1600     -2.366537e-09  -2.140510e-09  2.260270e-10   9.55e-02  

--- dc/dx: Compliance sensitivity w.r.t. density ---
Element AnalyticValue Numericvalue Abs.Err Rel.Err
1        -5.624691e+00  -5.391192e+00  2.334985e-01   4.15e-02  
115      -3.064194e+00  -3.064195e+00  9.988108e-07   3.26e-07  
229      -1.463633e+00  -1.463634e+00  5.644164e-07   3.86e-07  
344      -5.673386e-01  -5.673387e-01  1.172987e-07   2.07e-07  
458      -5.929401e-01  -5.929402e-01  8.975834e-08   1.51e-07  
572      -1.219730e+00  -1.219731e+00  6.821711e-07   5.59e-07  
686      -6.779784e+00  -6.779789e+00  5.030951e-06   7.42e-07  
801      -1.840194e+00  -1.795592e+00  4.460104e-02   2.42e-02  
915      -8.507556e-02  -8.518620e-02  1.106426e-04   1.30e-03  
1029     -7.566547e-02  -7.566610e-02  6.215503e-07   8.21e-06  
1143     -4.828979e-01  -4.828981e-01  2.043512e-07   4.23e-07  
1257     -5.146614e-01  -5.146610e-01  3.928441e-07   7.63e-07  
1372     -1.035514e+00  -1.035514e+00  5.662313e-07   5.47e-07  
1486     -1.652649e+00  -1.652650e+00  1.154839e-06   6.99e-07  
1600     -1.180503e-03  -1.018038e-03  1.624657e-04   1.38e-01  

--- dc/dtheta: Compliance sensitivity w.r.t. fibre angle ---
Element AnalyticValue Numericvalue Abs.Err Rel.Err
1        -6.290943e-01  -6.174183e-01  1.167606e-02   1.86e-02  
115      -1.420199e-01  -1.420199e-01  2.256058e-08   1.59e-07  
229      -6.247194e-02  -6.247203e-02  9.346010e-08   1.50e-06  
344      -8.978640e-03  -8.978496e-03  1.440867e-07   1.60e-05  
458      5.518347e-02   5.518348e-02   1.574704e-08   2.85e-07  
572      1.980067e-01   1.980065e-01   1.215086e-07   6.14e-07  
686      1.526129e-01   1.526127e-01   2.033341e-07   1.33e-06  
801      9.142788e-02   9.113610e-02   2.917806e-04   3.19e-03  
915      -2.328691e-03  -2.328682e-03  9.626615e-09   4.13e-06  
1029     1.063778e-02   1.063780e-02   1.692512e-08   1.59e-06  
1143     1.741098e-01   1.741098e-01   5.527262e-08   3.17e-07  
1257     6.318979e-02   6.318973e-02   6.196153e-08   9.81e-07  
1372     -2.125517e-01  -2.125516e-01  8.964617e-08   4.22e-07  
1486     -1.720828e-01  -1.720828e-01  7.132788e-08   4.14e-07  
1600     3.293180e-05   2.859895e-05   4.332856e-06   1.32e-01  

h=

1.000000e-04

--- dgtw/dx: Hashin sensitivity w.r.t. density ---
Element AnalyticValue Numericvalue Abs.Err Rel.Err
1        -2.739514e-02  -2.658471e-02  8.104362e-04   2.96e-02  
115      -2.263777e-03  -2.263777e-03  4.980206e-10   2.20e-07  
229      -3.124535e-03  -3.124536e-03  3.735773e-10   1.20e-07  
344      -3.818052e-04  -3.818051e-04  1.490584e-10   3.90e-07  
458      -4.641895e-04  -4.641896e-04  6.368109e-11   1.37e-07  
572      -3.352892e-03  -3.352893e-03  1.237128e-09   3.69e-07  
686      -5.950491e-03  -5.950493e-03  2.063799e-09   3.47e-07  
801      -4.033985e-05  -3.847392e-05  1.865923e-06   4.63e-02  
915      4.247766e-05   4.272724e-05   2.495758e-07   5.88e-03  
1029     8.905874e-04   8.905879e-04   5.256714e-10   5.90e-07  
1143     -2.836371e-03  -2.836370e-03  1.565671e-09   5.52e-07  
1257     1.400571e-03   1.400571e-03   3.087487e-10   2.20e-07  
1372     -1.751256e-03  -1.751259e-03  3.105336e-09   1.77e-06  
1486     -1.521228e-03  -1.521227e-03  1.470925e-09   9.67e-07  
1600     7.150767e-08   6.922241e-08   2.285267e-09   3.20e-02  

--- dgh/dtheta: Hashin sensitivity w.r.t. fibre angle ---
Element AnalyticValue Numericvalue Abs.Err Rel.Err
1        -1.917427e-02  -1.884993e-02  3.243401e-04   1.69e-02  
115      7.809631e-05   7.809642e-05   1.060165e-10   1.36e-06  
229      -4.404642e-05  -4.404664e-05  2.161178e-10   4.91e-06  
344      -3.903531e-05  -3.903501e-05  2.945762e-10   7.55e-06  
458      2.676368e-04   2.676367e-04   1.479548e-10   5.53e-07  
572      -2.606205e-04  -2.606192e-04  1.317475e-09   5.06e-06  
686      -6.741688e-04  -6.741686e-04  2.251493e-10   3.34e-07  
801      -8.456536e-06  -8.185757e-06  2.707794e-07   3.20e-02  
915      2.435978e-06   2.433913e-06   2.064637e-09   8.48e-04  
1029     -9.126261e-05  -9.126250e-05  1.069855e-10   1.17e-06  
1143     1.832361e-03   1.832360e-03   7.038126e-10   3.84e-07  
1257     5.467225e-05   5.467665e-05   4.401399e-09   8.05e-05  
1372     9.343739e-05   9.343949e-05   2.100964e-09   2.25e-05  
1486     -4.709842e-05  -4.710181e-05  3.388523e-09   7.19e-05  
1600     -2.366537e-09  -1.463274e-09  9.032630e-10   3.82e-01  

--- dc/dx: Compliance sensitivity w.r.t. density ---
Element AnalyticValue Numericvalue Abs.Err Rel.Err
1        -5.624691e+00  -5.391185e+00  2.335054e-01   4.15e-02  
115      -3.064194e+00  -3.064194e+00  1.645767e-07   5.37e-08  
229      -1.463633e+00  -1.463633e+00  3.994206e-07   2.73e-07  
344      -5.673386e-01  -5.673386e-01  1.452578e-08   2.56e-08  
458      -5.929401e-01  -5.929397e-01  3.249144e-07   5.48e-07  
572      -1.219730e+00  -1.219732e+00  2.099619e-06   1.72e-06  
686      -6.779784e+00  -6.779786e+00  1.552304e-06   2.29e-07  
801      -1.840194e+00  -1.795595e+00  4.459872e-02   2.42e-02  
915      -8.507556e-02  -8.518589e-02  1.103344e-04   1.30e-03  
1029     -7.566547e-02  -7.566639e-02  9.151466e-07   1.21e-05  
1143     -4.828979e-01  -4.828952e-01  2.640207e-06   5.47e-06  
1257     -5.146614e-01  -5.146595e-01  1.836098e-06   3.57e-06  
1372     -1.035514e+00  -1.035515e+00  1.210722e-06   1.17e-06  
1486     -1.652649e+00  -1.652646e+00  2.329834e-06   1.41e-06  
1600     -1.180503e-03  -1.018600e-03  1.619035e-04   1.37e-01  

--- dc/dtheta: Compliance sensitivity w.r.t. fibre angle ---
Element AnalyticValue Numericvalue Abs.Err Rel.Err
1        -6.290943e-01  -6.174173e-01  1.167706e-02   1.86e-02  
115      -1.420199e-01  -1.420175e-01  2.382996e-06   1.68e-05  
229      -6.247194e-02  -6.247366e-02  1.718670e-06   2.75e-05  
344      -8.978640e-03  -8.976253e-03  2.387014e-06   2.66e-04  
458      5.518347e-02   5.518181e-02   1.655734e-06   3.00e-05  
572      1.980067e-01   1.980087e-01   2.058550e-06   1.04e-05  
686      1.526129e-01   1.526124e-01   5.057979e-07   3.31e-06  
801      9.142788e-02   9.113616e-02   2.917258e-04   3.19e-03  
915      -2.328691e-03  -2.328862e-03  1.703965e-07   7.32e-05  
1029     1.063778e-02   1.063786e-02   7.570121e-08   7.12e-06  
1143     1.741098e-01   1.741082e-01   1.547371e-06   8.89e-06  
1257     6.318979e-02   6.319298e-02   3.190903e-06   5.05e-05  
1372     -2.125517e-01  -2.125473e-01  4.340397e-06   2.04e-05  
1486     -1.720828e-01  -1.720864e-01  3.581373e-06   2.08e-05  
1600     3.293180e-05   2.856382e-05   4.367986e-06   1.33e-01  

h=

1.000000e-05

--- dgtw/dx: Hashin sensitivity w.r.t. density ---
Element AnalyticValue Numericvalue Abs.Err Rel.Err
1        -2.739514e-02  -2.658470e-02  8.104443e-04   2.96e-02  
115      -2.263777e-03  -2.263778e-03  6.321864e-10   2.79e-07  
229      -3.124535e-03  -3.124530e-03  5.326308e-09   1.70e-06  
344      -3.818052e-04  -3.818011e-04  4.072587e-09   1.07e-05  
458      -4.641895e-04  -4.641931e-04  3.600852e-09   7.76e-06  
572      -3.352892e-03  -3.352898e-03  6.157637e-09   1.84e-06  
686      -5.950491e-03  -5.950489e-03  1.861949e-09   3.13e-07  
801      -4.033985e-05  -3.847416e-05  1.865690e-06   4.62e-02  
915      4.247766e-05   4.272287e-05   2.452082e-07   5.77e-03  
1029     8.905874e-04   8.905837e-04   3.713160e-09   4.17e-06  
1143     -2.836371e-03  -2.836346e-03  2.513793e-08   8.86e-06  
1257     1.400571e-03   1.400583e-03   1.216572e-08   8.69e-06  
1372     -1.751256e-03  -1.751314e-03  5.713101e-08   3.26e-05  
1486     -1.521228e-03  -1.521237e-03  9.087296e-09   5.97e-06  
1600     7.150767e-08   9.641177e-08   2.490410e-08   3.48e-01  

--- dgh/dtheta: Hashin sensitivity w.r.t. fibre angle ---
Element AnalyticValue Numericvalue Abs.Err Rel.Err
1        -1.917427e-02  -1.884992e-02  3.243481e-04   1.69e-02  
115      7.809631e-05   7.809118e-05   5.132016e-09   6.57e-05  
229      -4.404642e-05  -4.404472e-05  1.695686e-09   3.85e-05  
344      -3.903531e-05  -3.903216e-05  3.152290e-09   8.08e-05  
458      2.676368e-04   2.676470e-04   1.023707e-08   3.82e-05  
572      -2.606205e-04  -2.606371e-04  1.655712e-08   6.35e-05  
686      -6.741688e-04  -6.741651e-04  3.753438e-09   5.57e-06  
801      -8.456536e-06  -8.188250e-06  2.682859e-07   3.17e-02  
915      2.435978e-06   2.442113e-06   6.135470e-09   2.52e-03  
1029     -9.126261e-05  -9.126464e-05  2.029084e-09   2.22e-05  
1143     1.832361e-03   1.832371e-03   9.974312e-09   5.44e-06  
1257     5.467225e-05   5.467795e-05   5.700360e-09   1.04e-04  
1372     9.343739e-05   9.344494e-05   7.549938e-09   8.08e-05  
1486     -4.709842e-05  -4.711072e-05  1.229251e-08   2.61e-04  
1600     -2.366537e-09  -2.327027e-08  2.090374e-08   8.83e+00  

--- dc/dx: Compliance sensitivity w.r.t. density ---
Element AnalyticValue Numericvalue Abs.Err Rel.Err
1        -5.624691e+00  -5.391175e+00  2.335159e-01   4.15e-02  
115      -3.064194e+00  -3.064196e+00  2.433766e-06   7.94e-07  
229      -1.463633e+00  -1.463624e+00  8.745171e-06   5.97e-06  
344      -5.673386e-01  -5.673410e-01  2.395697e-06   4.22e-06  
458      -5.929401e-01  -5.929584e-01  1.836009e-05   3.10e-05  
572      -1.219730e+00  -1.219750e+00  1.963809e-05   1.61e-05  
686      -6.779784e+00  -6.779790e+00  5.546123e-06   8.18e-07  
801      -1.840194e+00  -1.795606e+00  4.458750e-02   2.42e-02  
915      -8.507556e-02  -8.520735e-02  1.317911e-04   1.55e-03  
1029     -7.566547e-02  -7.566466e-02  8.123249e-07   1.07e-05  
1143     -4.828979e-01  -4.828750e-01  2.286225e-05   4.73e-05  
1257     -5.146614e-01  -5.146321e-01  2.933012e-05   5.70e-05  
1372     -1.035514e+00  -1.035556e+00  4.198678e-05   4.05e-05  
1486     -1.652649e+00  -1.652649e+00  2.689462e-08   1.63e-08  
1600     -1.180503e-03  -1.033135e-03  1.473687e-04   1.25e-01  

--- dc/dtheta: Compliance sensitivity w.r.t. fibre angle ---
Element AnalyticValue Numericvalue Abs.Err Rel.Err
1        -6.290943e-01  -6.174254e-01  1.166896e-02   1.85e-02  
115      -1.420199e-01  -1.420355e-01  1.559658e-05   1.10e-04  
229      -6.247194e-02  -6.246780e-02  4.136202e-06   6.62e-05  
344      -8.978640e-03  -8.978401e-03  2.394700e-07   2.67e-05  
458      5.518347e-02   5.519116e-02   7.688756e-06   1.39e-04  
572      1.980067e-01   1.979711e-01   3.557179e-05   1.80e-04  
686      1.526129e-01   1.526201e-01   7.225475e-06   4.73e-05  
801      9.142788e-02   9.114137e-02   2.865081e-04   3.13e-03  
915      -2.328691e-03  -2.310259e-03  1.843275e-05   7.92e-03  
1029     1.063778e-02   1.064636e-02   8.581182e-06   8.07e-04  
1143     1.741098e-01   1.741293e-01   1.956428e-05   1.12e-04  
1257     6.318979e-02   6.316195e-02   2.784162e-05   4.41e-04  
1372     -2.125517e-01  -2.125503e-01  1.358391e-06   6.39e-06  
1486     -1.720828e-01  -1.720950e-01  1.214825e-05   7.06e-05  
1600     3.293180e-05   2.967226e-06   2.996458e-05   9.10e-01  

h=

1.000000e-06

--- dgtw/dx: Hashin sensitivity w.r.t. density ---
Element AnalyticValue Numericvalue Abs.Err Rel.Err
1        -2.739514e-02  -2.658472e-02  8.104267e-04   2.96e-02  
115      -2.263777e-03  -2.263894e-03  1.163396e-07   5.14e-05  
229      -3.124535e-03  -3.124416e-03  1.195683e-07   3.83e-05  
344      -3.818052e-04  -3.817888e-04  1.639606e-08   4.29e-05  
458      -4.641895e-04  -4.642278e-04  3.826201e-08   8.24e-05  
572      -3.352892e-03  -3.352938e-03  4.619228e-08   1.38e-05  
686      -5.950491e-03  -5.950550e-03  5.937795e-08   9.98e-06  
801      -4.033985e-05  -3.839262e-05  1.947224e-06   4.83e-02  
915      4.247766e-05   4.272005e-05   2.423882e-07   5.71e-03  
1029     8.905874e-04   8.904728e-04   1.145800e-07   1.29e-04  
1143     -2.836371e-03  -2.836678e-03  3.070186e-07   1.08e-04  
1257     1.400571e-03   1.400742e-03   1.711274e-07   1.22e-04  
1372     -1.751256e-03  -1.751352e-03  9.578897e-08   5.47e-05  
1486     -1.521228e-03  -1.520757e-03  4.716615e-07   3.10e-04  
1600     7.150767e-08   2.264855e-08   4.885912e-08   6.83e-01  

--- dgh/dtheta: Hashin sensitivity w.r.t. fibre angle ---
Element AnalyticValue Numericvalue Abs.Err Rel.Err
1        -1.917427e-02  -1.884997e-02  3.242982e-04   1.69e-02  
115      7.809631e-05   7.807577e-05   2.054191e-08   2.63e-04  
229      -4.404642e-05  -4.399081e-05  5.560812e-08   1.26e-03  
344      -3.903531e-05  -3.900902e-05  2.628934e-08   6.73e-04  
458      2.676368e-04   2.676344e-04   2.441676e-09   9.12e-06  
572      -2.606205e-04  -2.606404e-04  1.988778e-08   7.63e-05  
686      -6.741688e-04  -6.741869e-04  1.809575e-08   2.68e-05  
801      -8.456536e-06  -8.147261e-06  3.092753e-07   3.66e-02  
915      2.435978e-06   2.384537e-06   5.144070e-08   2.11e-02  
1029     -9.126261e-05  -9.126899e-05  6.381158e-09   6.99e-05  
1143     1.832361e-03   1.832371e-03   1.026297e-08   5.60e-06  
1257     5.467225e-05   5.433121e-05   3.410445e-07   6.24e-03  
1372     9.343739e-05   9.366352e-05   2.261306e-07   2.42e-03  
1486     -4.709842e-05  -4.706280e-05  3.562471e-08   7.56e-04  
1600     -2.366537e-09  2.098322e-07   2.121987e-07   8.97e+01  

--- dc/dx: Compliance sensitivity w.r.t. density ---
Element AnalyticValue Numericvalue Abs.Err Rel.Err
1        -5.624691e+00  -5.391090e+00  2.336010e-01   4.15e-02  
115      -3.064194e+00  -3.064249e+00  5.479792e-05   1.79e-05  
229      -1.463633e+00  -1.463435e+00  1.980622e-04   1.35e-04  
344      -5.673386e-01  -5.674126e-01  7.399567e-05   1.30e-04  
458      -5.929401e-01  -5.930262e-01  8.612313e-05   1.45e-04  
572      -1.219730e+00  -1.219888e+00  1.574891e-04   1.29e-04  
686      -6.779784e+00  -6.779712e+00  7.289780e-05   1.08e-05  
801      -1.840194e+00  -1.795541e+00  4.465265e-02   2.43e-02  
915      -8.507556e-02  -8.520283e-02  1.272720e-04   1.50e-03  
1029     -7.566547e-02  -7.591530e-02  2.498217e-04   3.30e-03  
1143     -4.828979e-01  -4.833146e-01  4.167647e-04   8.63e-04  
1257     -5.146614e-01  -5.146944e-01  3.298163e-05   6.41e-05  
1372     -1.035514e+00  -1.035690e+00  1.757791e-04   1.70e-04  
1486     -1.652649e+00  -1.652314e+00  3.348093e-04   2.03e-04  
1600     -1.180503e-03  -1.215312e-03  3.480881e-05   2.95e-02  

--- dc/dtheta: Compliance sensitivity w.r.t. fibre angle ---
Element AnalyticValue Numericvalue Abs.Err Rel.Err
1        -6.290943e-01  -6.174216e-01  1.167275e-02   1.86e-02  
115      -1.420199e-01  -1.420605e-01  4.065316e-05   2.86e-04  
229      -6.247194e-02  -6.224263e-02  2.293044e-04   3.67e-03  
344      -8.978640e-03  -9.024859e-03  4.621866e-05   5.15e-03  
458      5.518347e-02   5.517865e-02   4.822481e-06   8.74e-05  
572      1.980067e-01   1.980322e-01   2.552920e-05   1.29e-04  
686      1.526129e-01   1.524762e-01   1.367077e-04   8.96e-04  
801      9.142788e-02   9.132435e-02   1.035291e-04   1.13e-03  
915      -2.328691e-03  -2.457568e-03  1.288770e-04   5.53e-02  
1029     1.063778e-02   1.063103e-02   6.755172e-06   6.35e-04  
1143     1.741098e-01   1.741013e-01   8.493637e-06   4.88e-05  
1257     6.318979e-02   6.302224e-02   1.675457e-04   2.65e-03  
1372     -2.125517e-01  -2.123864e-01  1.652607e-04   7.78e-04  
1486     -1.720828e-01  -1.720093e-01  7.350910e-05   4.27e-04  
1600     3.293180e-05   -4.206413e-06  3.713822e-05   1.13e+00  

h=

1.000000e-07

--- dgtw/dx: Hashin sensitivity w.r.t. density ---
Element AnalyticValue Numericvalue Abs.Err Rel.Err
1        -2.739514e-02  -2.658360e-02  8.115411e-04   2.96e-02  
115      -2.263777e-03  -2.263754e-03  2.354847e-08   1.04e-05  
229      -3.124535e-03  -3.124987e-03  4.517525e-07   1.45e-04  
344      -3.818052e-04  -3.808842e-04  9.210058e-07   2.41e-03  
458      -4.641895e-04  -4.637002e-04  4.893160e-07   1.05e-03  
572      -3.352892e-03  -3.352862e-03  2.930289e-08   8.74e-06  
686      -5.950491e-03  -5.950960e-03  4.688282e-07   7.88e-05  
801      -4.033985e-05  -3.873790e-05  1.601945e-06   3.97e-02  
915      4.247766e-05   4.279466e-05   3.169952e-07   7.46e-03  
1029     8.905874e-04   8.908208e-04   2.333639e-07   2.62e-04  
1143     -2.836371e-03  -2.834606e-03  1.765324e-06   6.22e-04  
1257     1.400571e-03   1.403984e-03   3.412535e-06   2.44e-03  
1372     -1.751256e-03  -1.750011e-03  1.245138e-06   7.11e-04  
1486     -1.521228e-03  -1.521647e-03  4.189594e-07   2.75e-04  
1600     7.150767e-08   -2.531308e-06  2.602816e-06   3.64e+01  

--- dgh/dtheta: Hashin sensitivity w.r.t. fibre angle ---
Element AnalyticValue Numericvalue Abs.Err Rel.Err
1        -1.917427e-02  -1.884852e-02  3.257435e-04   1.70e-02  
115      7.809631e-05   7.807088e-05   2.542689e-08   3.26e-04  
229      -4.404642e-05  -4.348966e-05  5.567628e-07   1.26e-02  
344      -3.903531e-05  -3.848477e-05  5.505367e-07   1.41e-02  
458      2.676368e-04   2.675238e-04   1.130199e-07   4.22e-04  
572      -2.606205e-04  -2.614642e-04  8.436733e-07   3.24e-03  
686      -6.741688e-04  -6.742518e-04  8.293278e-08   1.23e-04  
801      -8.456536e-06  -7.960299e-06  4.962369e-07   5.87e-02  
915      2.435978e-06   2.182698e-06   2.532792e-07   1.04e-01  
1029     -9.126261e-05  -9.079404e-05  4.685723e-07   5.13e-03  
1143     1.832361e-03   1.832772e-03   4.106094e-07   2.24e-04  
1257     5.467225e-05   4.910294e-05   5.569307e-06   1.02e-01  
1372     9.343739e-05   9.652279e-05   3.085399e-06   3.30e-02  
1486     -4.709842e-05  -4.893641e-05  1.837988e-06   3.90e-02  
1600     -2.366537e-09  3.659295e-06   3.661662e-06   1.55e+03  

--- dc/dx: Compliance sensitivity w.r.t. density ---
Element AnalyticValue Numericvalue Abs.Err Rel.Err
1        -5.624691e+00  -5.389845e+00  2.348460e-01   4.18e-02  
115      -3.064194e+00  -3.063090e+00  1.103785e-03   3.60e-04  
229      -1.463633e+00  -1.464166e+00  5.327168e-04   3.64e-04  
344      -5.673386e-01  -5.659649e-01  1.373693e-03   2.42e-03  
458      -5.929401e-01  -5.912023e-01  1.737812e-03   2.93e-03  
572      -1.219730e+00  -1.220359e+00  6.286073e-04   5.15e-04  
686      -6.779784e+00  -6.781497e+00  1.712156e-03   2.53e-04  
801      -1.840194e+00  -1.795976e+00  4.421774e-02   2.40e-02  
915      -8.507556e-02  -8.675386e-02  1.678302e-03   1.97e-02  
1029     -7.566547e-02  -7.424376e-02  1.421716e-03   1.88e-02  
1143     -4.828979e-01  -4.803655e-01  2.532329e-03   5.24e-03  
1257     -5.146614e-01  -5.124639e-01  2.197497e-03   4.27e-03  
1372     -1.035514e+00  -1.033335e+00  2.178903e-03   2.10e-03  
1486     -1.652649e+00  -1.652118e+00  5.311464e-04   3.21e-04  
1600     -1.180503e-03  -2.027605e-03  8.471013e-04   7.18e-01  

--- dc/dtheta: Compliance sensitivity w.r.t. fibre angle ---
Element AnalyticValue Numericvalue Abs.Err Rel.Err
1        -6.290943e-01  -6.175395e-01  1.155480e-02   1.84e-02  
115      -1.420199e-01  -1.406488e-01  1.371053e-03   9.65e-03  
229      -6.247194e-02  -6.167340e-02  7.985343e-04   1.28e-02  
344      -8.978640e-03  -7.571543e-03  1.407097e-03   1.57e-01  
458      5.518347e-02   5.397283e-02   1.210642e-03   2.19e-02  
572      1.980067e-01   1.947478e-01   3.258827e-03   1.65e-02  
686      1.526129e-01   1.513422e-01   1.270677e-03   8.33e-03  
801      9.142788e-02   9.147584e-02   4.795856e-05   5.25e-04  
915      -2.328691e-03  -2.618208e-03  2.895165e-04   1.24e-01  
1029     1.063778e-02   1.187459e-02   1.236808e-03   1.16e-01  
1143     1.741098e-01   1.749396e-01   8.298331e-04   4.77e-03  
1257     6.318979e-02   5.866070e-02   4.529084e-03   7.17e-02  
1372     -2.125517e-01  -2.102621e-01  2.289556e-03   1.08e-02  
1486     -1.720828e-01  -1.755876e-01  3.504784e-03   2.04e-02  
1600     3.293180e-05   1.756462e-03   1.723530e-03   5.23e+01  
