ElementAnalytic valueNumeric valueAbs. errRel. err
\n--- dgtw/dx: Tsai-Wu sensitivity w.r.t. density ---\n
1        -8.483930e-01  -5.789337e-01  2.694592e-01   3.18e-01  
179      -2.222608e+01  -2.382231e+01  1.596230e+00   7.18e-02  
356      -3.189139e-01  -3.189156e-01  1.664501e-06   5.22e-06  
534      -3.157149e+00  -3.157150e+00  9.947903e-07   3.15e-07  
712      -2.018680e+00  -2.018663e+00  1.624382e-05   8.05e-06  
889      -2.143362e+01  -2.143363e+01  1.443961e-05   6.74e-07  
1067     -1.806416e+01  -1.806415e+01  8.291590e-06   4.59e-07  
1245     2.005642e+00   2.005622e+00   2.001702e-05   9.98e-06  
1422     -8.611912e-01  -9.766045e-01  1.154133e-01   1.34e-01  
1600     2.379868e-04   1.029684e-04   1.350183e-04   5.67e-01  
\n--- dgtw/dtheta: Tsai-Wu sensitivity w.r.t. fibre angle ---\n
1        -1.067253e-01  -7.146413e-02  3.526119e-02   3.30e-01  
179      -5.598239e+00  -5.864556e+00  2.663174e-01   4.76e-02  
356      -7.834105e-03  -7.838394e-03  4.288716e-06   5.47e-04  
534      3.214726e+00   3.214694e+00   3.179493e-05   9.89e-06  
712      -1.651954e-01  -1.651711e-01  2.426038e-05   1.47e-04  
889      -2.144687e+00  -2.144705e+00  1.803628e-05   8.41e-06  
1067     1.959639e+00   1.959615e+00   2.443159e-05   1.25e-05  
1245     4.949416e-02   4.948369e-02   1.047561e-05   2.12e-04  
1422     5.529524e-02   7.167314e-02   1.637789e-02   2.96e-01  
1600     2.034604e-06   1.480203e-06   5.544013e-07   2.72e-01  
\n--- dc/dx: Compliance sensitivity w.r.t. density ---\n
1        -1.998892e+02  -1.347693e+02  6.511989e+01   3.26e-01  
179      -2.278739e+02  -2.413706e+02  1.349676e+01   5.92e-02  
356      -5.510202e+01  -5.510191e+01  1.136855e-04   2.06e-06  
534      -3.454454e+01  -3.454447e+01  6.835252e-05   1.98e-06  
712      -2.084470e+02  -2.084467e+02  2.830363e-04   1.36e-06  
889      -4.216156e+01  -4.216158e+01  1.790101e-05   4.25e-07  
1067     -7.764816e+01  -7.764798e+01  1.825830e-04   2.35e-06  
1245     -6.153488e+01  -6.153513e+01  2.563670e-04   4.17e-06  
1422     -4.930294e+01  -5.363433e+01  4.331385e+00   8.79e-02  
1600     -6.190737e-03  -2.692032e-03  3.498705e-03   5.65e-01  
\n--- dc/dtheta: Compliance sensitivity w.r.t. fibre angle ---\n
1        -2.535816e+01  -1.632265e+01  9.035507e+00   3.56e-01  
179      -2.297047e+01  -2.452381e+01  1.553338e+00   6.76e-02  
356      -9.808471e+00  -9.808587e+00  1.156795e-04   1.18e-05  
534      2.308495e+00   2.308002e+00   4.930187e-04   2.14e-04  
712      -2.805355e+01  -2.805338e+01  1.782092e-04   6.35e-06  
889      -8.016715e+00  -8.016879e+00  1.643845e-04   2.05e-05  
1067     8.601299e-01   8.597642e-01   3.657404e-04   4.25e-04  
1245     3.108134e+00   3.108019e+00   1.152978e-04   3.71e-05  
1422     5.458689e+00   6.088464e+00   6.297745e-01   1.15e-01  
1600     5.708240e-05   -1.175431e-04  1.746255e-04   3.06e+00  
