ElementAnalytic valueNumeric valueAbs. errRel. err
\n--- dgtw/dx: Tsai-Wu sensitivity w.r.t. density ---\n
1        -8.483930e-01  -6.122718e-01  2.361211e-01   2.78e-01  
179      -2.222608e+01  -2.385464e+01  1.628561e+00   7.33e-02  
356      -3.189139e-01  -2.983006e-01  2.061332e-02   6.46e-02  
534      -3.157149e+00  -3.155765e+00  1.384361e-03   4.38e-04  
712      -2.018680e+00  -2.005308e+00  1.337113e-02   6.62e-03  
889      -2.143362e+01  -2.142350e+01  1.011638e-02   4.72e-04  
1067     -1.806416e+01  -1.805789e+01  6.266618e-03   3.47e-04  
1245     2.005642e+00   2.001245e+00   4.397149e-03   2.19e-03  
1422     -8.611912e-01  -9.569612e-01  9.577006e-02   1.11e-01  
1600     2.379868e-04   -2.073648e-03  2.311635e-03   9.71e+00  
\n--- dgtw/dtheta: Tsai-Wu sensitivity w.r.t. fibre angle ---\n
1        -1.067253e-01  -6.307346e-02  4.365186e-02   4.09e-01  
179      -5.598239e+00  -5.862344e+00  2.641048e-01   4.72e-02  
356      -7.834105e-03  -9.526957e-04  6.881409e-03   8.78e-01  
534      3.214726e+00   3.231596e+00   1.686985e-02   5.25e-03  
712      -1.651954e-01  -1.600824e-01  5.112924e-03   3.10e-02  
889      -2.144687e+00  -2.149800e+00  5.112962e-03   2.38e-03  
1067     1.959639e+00   1.952912e+00   6.726619e-03   3.43e-03  
1245     4.949416e-02   3.752120e-02   1.197296e-02   2.42e-01  
1422     5.529524e-02   5.983793e-02   4.542686e-03   8.22e-02  
1600     2.034604e-06   -1.684839e-03  1.686874e-03   8.29e+02  
\n--- dc/dx: Compliance sensitivity w.r.t. density ---\n
1        -1.998892e+02  -1.352737e+02  6.461549e+01   3.23e-01  
179      -2.278739e+02  -2.416419e+02  1.376800e+01   6.04e-02  
356      -5.510202e+01  -5.474734e+01  3.546762e-01   6.44e-03  
534      -3.454454e+01  -3.437786e+01  1.666768e-01   4.82e-03  
712      -2.084470e+02  -2.082737e+02  1.733111e-01   8.31e-04  
889      -4.216156e+01  -4.183805e+01  3.235163e-01   7.67e-03  
1067     -7.764816e+01  -7.754559e+01  1.025691e-01   1.32e-03  
1245     -6.153488e+01  -6.172470e+01  1.898177e-01   3.08e-03  
1422     -4.930294e+01  -5.334508e+01  4.042142e+00   8.20e-02  
1600     -6.190737e-03  -7.306880e-02  6.687807e-02   1.08e+01  
\n--- dc/dtheta: Compliance sensitivity w.r.t. fibre angle ---\n
1        -2.535816e+01  -1.628096e+01  9.077204e+00   3.58e-01  
179      -2.297047e+01  -2.445968e+01  1.489209e+00   6.48e-02  
356      -9.808471e+00  -9.423384e+00  3.850874e-01   3.93e-02  
534      2.308495e+00   2.472116e+00   1.636212e-01   7.09e-02  
712      -2.805355e+01  -2.814046e+01  8.690249e-02   3.10e-03  
889      -8.016715e+00  -8.042953e+00  2.623812e-02   3.27e-03  
1067     8.601299e-01   9.377436e-01   7.761370e-02   9.02e-02  
1245     3.108134e+00   2.988527e+00   1.196073e-01   3.85e-02  
1422     5.458689e+00   5.805559e+00   3.468702e-01   6.35e-02  
1600     5.708240e-05   -6.986738e-02  6.992447e-02   1.22e+03  
