ElementAnalytic valueNumeric valueAbs. errRel. err
\n--- dgtw/dx: Tsai-Wu sensitivity w.r.t. density ---\n
1        -8.483930e-01  -5.795309e-01  2.688620e-01   3.17e-01  
179      -2.222608e+01  -2.382471e+01  1.598632e+00   7.19e-02  
356      -3.189139e-01  -3.188022e-01  1.117177e-04   3.50e-04  
534      -3.157149e+00  -3.160756e+00  3.606718e-03   1.14e-03  
712      -2.018680e+00  -2.022591e+00  3.911086e-03   1.94e-03  
889      -2.143362e+01  -2.143599e+01  2.368253e-03   1.10e-04  
1067     -1.806416e+01  -1.806652e+01  2.363577e-03   1.31e-04  
1245     2.005642e+00   2.005246e+00   3.967365e-04   1.98e-04  
1422     -8.611912e-01  -9.756200e-01  1.144288e-01   1.33e-01  
1600     2.379868e-04   3.190280e-03   2.952293e-03   1.24e+01  
\n--- dgtw/dtheta: Tsai-Wu sensitivity w.r.t. fibre angle ---\n
1        -1.067253e-01  -7.033509e-02  3.639023e-02   3.41e-01  
179      -5.598239e+00  -5.864814e+00  2.665755e-01   4.76e-02  
356      -7.834105e-03  -5.525635e-03  2.308470e-03   2.95e-01  
534      3.214726e+00   3.217245e+00   2.518251e-03   7.83e-04  
712      -1.651954e-01  -1.634910e-01  1.704365e-03   1.03e-02  
889      -2.144687e+00  -2.146273e+00  1.585714e-03   7.39e-04  
1067     1.959639e+00   1.957997e+00   1.642543e-03   8.38e-04  
1245     4.949416e-02   4.943013e-02   6.403575e-05   1.29e-03  
1422     5.529524e-02   6.998607e-02   1.469083e-02   2.66e-01  
1600     2.034604e-06   -2.523393e-03  2.525428e-03   1.24e+03  
\n--- dc/dx: Compliance sensitivity w.r.t. density ---\n
1        -1.998892e+02  -1.347682e+02  6.512099e+01   3.26e-01  
179      -2.278739e+02  -2.413921e+02  1.351821e+01   5.93e-02  
356      -5.510202e+01  -5.510377e+01  1.752961e-03   3.18e-05  
534      -3.454454e+01  -3.459311e+01  4.857153e-02   1.41e-03  
712      -2.084470e+02  -2.084829e+02  3.591089e-02   1.72e-04  
889      -4.216156e+01  -4.219422e+01  3.266005e-02   7.75e-04  
1067     -7.764816e+01  -7.765627e+01  8.107279e-03   1.04e-04  
1245     -6.153488e+01  -6.152658e+01  8.299341e-03   1.35e-04  
1422     -4.930294e+01  -5.360400e+01  4.301057e+00   8.72e-02  
1600     -6.190737e-03  3.257992e-02   3.877066e-02   6.26e+00  
\n--- dc/dtheta: Compliance sensitivity w.r.t. fibre angle ---\n
1        -2.535816e+01  -1.631196e+01  9.046196e+00   3.57e-01  
179      -2.297047e+01  -2.452072e+01  1.550253e+00   6.75e-02  
356      -9.808471e+00  -9.804447e+00  4.023649e-03   4.10e-04  
534      2.308495e+00   2.334560e+00   2.606555e-02   1.13e-02  
712      -2.805355e+01  -2.805201e+01  1.542233e-03   5.50e-05  
889      -8.016715e+00  -8.026318e+00  9.603466e-03   1.20e-03  
1067     8.601299e-01   8.351890e-01   2.494092e-02   2.90e-02  
1245     3.108134e+00   3.129213e+00   2.107882e-02   6.78e-03  
1422     5.458689e+00   6.083941e+00   6.252520e-01   1.15e-01  
1600     5.708240e-05   -2.847810e-02  2.853518e-02   5.00e+02  
