ElementAnalytic valueNumeric valueAbs. errRel. err
\n--- dgtw/dx: Tsai-Wu sensitivity w.r.t. density ---\n
1        -8.483930e-01  -5.790602e-01  2.693327e-01   3.17e-01  
179      -2.222608e+01  -2.382256e+01  1.596480e+00   7.18e-02  
356      -3.189139e-01  -3.189483e-01  3.439267e-05   1.08e-04  
534      -3.157149e+00  -3.157184e+00  3.533731e-05   1.12e-05  
712      -2.018680e+00  -2.018976e+00  2.966178e-04   1.47e-04  
889      -2.143362e+01  -2.143372e+01  1.002914e-04   4.68e-06  
1067     -1.806416e+01  -1.806386e+01  2.936024e-04   1.63e-05  
1245     2.005642e+00   2.005627e+00   1.593111e-05   7.94e-06  
1422     -8.611912e-01  -9.765601e-01  1.153689e-01   1.34e-01  
1600     2.379868e-04   -3.310561e-05  2.710924e-04   1.14e+00  
\n--- dgtw/dtheta: Tsai-Wu sensitivity w.r.t. fibre angle ---\n
1        -1.067253e-01  -7.131391e-02  3.541141e-02   3.32e-01  
179      -5.598239e+00  -5.864443e+00  2.662046e-01   4.76e-02  
356      -7.834105e-03  -8.110601e-03  2.764959e-04   3.53e-02  
534      3.214726e+00   3.214733e+00   7.067777e-06   2.20e-06  
712      -1.651954e-01  -1.650535e-01  1.418535e-04   8.59e-04  
889      -2.144687e+00  -2.145050e+00  3.634897e-04   1.69e-04  
1067     1.959639e+00   1.959720e+00   8.104023e-05   4.14e-05  
1245     4.949416e-02   4.966741e-02   1.732514e-04   3.50e-03  
1422     5.529524e-02   7.165429e-02   1.635905e-02   2.96e-01  
1600     2.034604e-06   3.251444e-06   1.216840e-06   5.98e-01  
\n--- dc/dx: Compliance sensitivity w.r.t. density ---\n
1        -1.998892e+02  -1.347711e+02  6.511812e+01   3.26e-01  
179      -2.278739e+02  -2.413722e+02  1.349835e+01   5.92e-02  
356      -5.510202e+01  -5.510303e+01  1.006994e-03   1.83e-05  
534      -3.454454e+01  -3.454630e+01  1.761660e-03   5.10e-05  
712      -2.084470e+02  -2.084516e+02  4.655738e-03   2.23e-05  
889      -4.216156e+01  -4.216292e+01  1.355968e-03   3.22e-05  
1067     -7.764816e+01  -7.764533e+01  2.830122e-03   3.64e-05  
1245     -6.153488e+01  -6.153579e+01  9.076562e-04   1.48e-05  
1422     -4.930294e+01  -5.363517e+01  4.332229e+00   8.79e-02  
1600     -6.190737e-03  -1.899389e-03  4.291348e-03   6.93e-01  
\n--- dc/dtheta: Compliance sensitivity w.r.t. fibre angle ---\n
1        -2.535816e+01  -1.632067e+01  9.037491e+00   3.56e-01  
179      -2.297047e+01  -2.452171e+01  1.551246e+00   6.75e-02  
356      -9.808471e+00  -9.813399e+00  4.928143e-03   5.02e-04  
534      2.308495e+00   2.306747e+00   1.747521e-03   7.57e-04  
712      -2.805355e+01  -2.805066e+01  2.891559e-03   1.03e-04  
889      -8.016715e+00  -8.021387e+00  4.672732e-03   5.83e-04  
1067     8.601299e-01   8.625346e-01   2.404671e-03   2.80e-03  
1245     3.108134e+00   3.112048e+00   3.913564e-03   1.26e-03  
1422     5.458689e+00   6.086763e+00   6.280741e-01   1.15e-01  
1600     5.708240e-05   1.149419e-03   1.092337e-03   1.91e+01  
