ElementAnalytic valueNumeric valueAbs. errRel. err
\n--- dgtw/dx: Tsai-Wu sensitivity w.r.t. density ---\n
1        -8.483930e-01  -2.468596e-01  6.015334e-01   7.09e-01  
179      -2.222608e+01  -2.360580e+01  1.379721e+00   6.21e-02  
356      -3.189139e-01  -2.251454e-01  9.376853e-02   2.94e-01  
534      -3.157149e+00  -3.240643e+00  8.349423e-02   2.64e-02  
712      -2.018680e+00  -1.978947e+00  3.973284e-02   1.97e-02  
889      -2.143362e+01  -2.134695e+01  8.666400e-02   4.04e-03  
1067     -1.806416e+01  -1.793060e+01  1.335595e-01   7.39e-03  
1245     2.005642e+00   1.885337e+00   1.203054e-01   6.00e-02  
1422     -8.611912e-01  -7.612016e-01  9.998958e-02   1.16e-01  
1600     2.379868e-04   9.497398e-02   9.473600e-02   3.98e+02  
\n--- dgtw/dtheta: Tsai-Wu sensitivity w.r.t. fibre angle ---\n
1        -1.067253e-01  -2.616389e-01  1.549136e-01   1.45e+00  
179      -5.598239e+00  -6.270466e+00  6.722269e-01   1.20e-01  
356      -7.834105e-03  1.409035e-01   1.487376e-01   1.90e+01  
534      3.214726e+00   3.358537e+00   1.438103e-01   4.47e-02  
712      -1.651954e-01  1.602984e-02   1.812252e-01   1.10e+00  
889      -2.144687e+00  -2.288493e+00  1.438064e-01   6.71e-02  
1067     1.959639e+00   2.085289e+00   1.256503e-01   6.41e-02  
1245     4.949416e-02   -1.049784e-01  1.544726e-01   3.12e+00  
1422     5.529524e-02   2.105253e-01   1.552300e-01   2.81e+00  
1600     2.034604e-06   -3.876721e-01  3.876742e-01   1.91e+05  
\n--- dc/dx: Compliance sensitivity w.r.t. density ---\n
1        -1.998892e+02  -1.315075e+02  6.838175e+01   3.42e-01  
179      -2.278739e+02  -2.380024e+02  1.012853e+01   4.44e-02  
356      -5.510202e+01  -5.518468e+01  8.266343e-02   1.50e-03  
534      -3.454454e+01  -3.605292e+01  1.508376e+00   4.37e-02  
712      -2.084470e+02  -2.084180e+02  2.897428e-02   1.39e-04  
889      -4.216156e+01  -4.224730e+01  8.573816e-02   2.03e-03  
1067     -7.764816e+01  -7.574654e+01  1.901622e+00   2.45e-02  
1245     -6.153488e+01  -6.430782e+01  2.772946e+00   4.51e-02  
1422     -4.930294e+01  -5.110542e+01  1.802475e+00   3.66e-02  
1600     -6.190737e-03  -3.175955e-01  3.114048e-01   5.03e+01  
\n--- dc/dtheta: Compliance sensitivity w.r.t. fibre angle ---\n
1        -2.535816e+01  -1.915050e+01  6.207657e+00   2.45e-01  
179      -2.297047e+01  -2.833513e+01  5.364657e+00   2.34e-01  
356      -9.808471e+00  -8.319512e+00  1.488959e+00   1.52e-01  
534      2.308495e+00   4.540379e+00   2.231885e+00   9.67e-01  
712      -2.805355e+01  -2.577690e+01  2.276656e+00   8.12e-02  
889      -8.016715e+00  -9.657015e+00  1.640300e+00   2.05e-01  
1067     8.601299e-01   -4.532922e-01  1.313422e+00   1.53e+00  
1245     3.108134e+00   1.724220e+00   1.383914e+00   4.45e-01  
1422     5.458689e+00   7.108065e+00   1.649376e+00   3.02e-01  
1600     5.708240e-05   -4.672984e+00  4.673041e+00   8.19e+04  
