bc_xy=[
2,      77
];


bc_y=[
   254,     261
];


nodes_trac= [
337,     410,     411,     412,     413,     414
];
