function [BCs_xy, LC,force_in, disp_out] = loadConditions()
% Defines two nodesets from Cubit ABAQUS file, containing nodes for BCs,
% and nodes for loads.

BCs_xy = [
      62,      63,      64,      65,      66,      67,...
      68,      69,      70,      71,      72,      73,...
      74,      75,      76,      77,      78,      79,...
      80,      81,      82,      83,      84,      85,...
      86,      87,      88,      89,      90,      91,...
      92,      93,      94,      95,      96,      97,...
      98,      99,     100,     101,     102
     ];
LC       = [1,         2,       3];
force_in = [124,     204,     205];
disp_out = [84,      122,     123];

end