function [BCs_xy, LC,force_in, disp_out] = loadConditions()
% Defines nodesets from Cubit ABAQUS file, containing nodes for BCs,
% and nodes for loads. BCs_xy is the roller conditions on the top edge, LC
% is the fixed bottom left corner to prevent rigid body motion.

BCs_xy = [
     122,     124,     125,     126,     127,     128,...
     129,     130,     131,     132,     133,     134,...
     135,     136,     137,     138,     139,     140,...
     141,     142,     143,     144,     145,     146,...
     147,     148,     149,     150,     151,     152,...
     153,     154,     155,     156,     157,     158,...
     159,     160,     161,     162,     163,     164,...
     165,     166,     167,     168,     169,     170,...
     171,     172,     173,     174,     175,     176,...
     177,     178,     179,     180,     181,     182,...
     183,     184,     185,     186,     187,     188,...
     189,     190,     191,     192,     193,     194,...
     195,     196,     197,     198,     199,     200,...
     201,     202,     203
     ];
LC       = [1;         2;           3];
force_in = [124;      204;      205];
disp_out = [84;     122;     123];

end